1 0.23359375 0.40625 0.06796875 0.12109375
1 0.50234375 0.54140625 0.0703125 0.175
1 0.2828125 0.20625 0.03515625 0.0625
1 0.23828125 0.15625 0.03046875 0.05390625
1 0.0625 0.86640625 0.12421875 0.25859375
1 0.33203125 0.46484375 0.06328125 0.1625
1 0.34296875 0.27265625 0.0421875 0.09609375
1 0.2484375 0.78984375 0.1265625 0.2875
1 0.4890625 0.86484375 0.14296875 0.2625
1 0.4296875 0.23515625 0.0375 0.07109375
1 0.3953125 0.12890625 0.03515625 0.05859375
1 0.28984375 0.07109375 0.02109375 0.03359375
1 0.47421875 0.34609375 0.065625 0.15859375
1 0.34140625 0.17109375 0.03046875 0.05859375
1 0.33828125 0.11484375 0.0234375 0.04609375
1 0.41171875 0.1875 0.03046875 0.05859375
1 0.44140625 0.29375 0.0328125 0.07890625
1 0.3546875 0.03984375 0.0140625 0.02890625
1 0.28984375 0.04140625 0.01640625 0.025
1 0.371875 0.08125 0.02109375 0.0375