1 0.15859375 0.59375 0.10546875 0.1875
1 0.21484375 0.93359375 0.12890625 0.125
1 0.50234375 0.55625 0.065625 0.17109375
1 0.34296875 0.23515625 0.0375 0.07109375
1 0.23828125 0.15390625 0.03515625 0.05859375
1 0.4203125 0.23125 0.0375 0.0625
1 0.46796875 0.33359375 0.05390625 0.1
1 0.05390625 0.89375 0.1078125 0.20390625
1 0.3296875 0.39609375 0.05390625 0.11640625
1 0.2875 0.15625 0.03046875 0.0625
1 0.29140625 0.1 0.0234375 0.03359375
1 0.37578125 0.09140625 0.028125 0.05
1 0.3953125 0.1375 0.02578125 0.05
1 0.3203125 0.03125 0.01640625 0.02890625
1 0.334375 0.0875 0.02109375 0.025
1 0.325 0.05859375 0.01640625 0.03359375
1 0.275 0.2375 0.0515625 0.11640625
2 0.234375 0.38125 0.1078125 0.19609375