1 0.4578125 0.3 0.046875 0.08359375
1 0.23828125 0.15390625 0.03046875 0.05859375
1 0.47890625 0.4125 0.05625 0.11640625
1 0.4984375 0.61640625 0.07734375 0.2
1 0.3390625 0.15234375 0.02578125 0.04609375
1 0.32890625 0.09140625 0.0234375 0.05
1 0.20625 0.90390625 0.13125 0.18359375
1 0.3671875 0.07734375 0.02109375 0.0375
1 0.396875 0.125 0.028125 0.05859375
1 0.34765625 0.02890625 0.01875 0.03359375
1 0.2921875 0.0375 0.01640625 0.03359375
1 0.434375 0.23515625 0.0328125 0.05390625
1 0.31484375 0.01484375 0.0140625 0.02890625
1 0.37890625 0.10390625 0.01640625 0.03359375
1 0.4109375 0.17890625 0.0328125 0.05859375
1 0.2890625 0.075 0.01875 0.04140625
1 0.42734375 0.22109375 0.0234375 0.05