1 0.4984375 0.57109375 0.07265625 0.16640625
1 0.4703125 0.34609375 0.04921875 0.1
1 0.2890625 0.18515625 0.0328125 0.05390625
1 0.33828125 0.21484375 0.0375 0.07890625
1 0.3203125 0.38515625 0.04921875 0.10390625
1 0.23828125 0.15390625 0.03046875 0.05859375
1 0.44609375 0.26640625 0.0421875 0.06640625
1 0.29375 0.09375 0.0234375 0.04609375
1 0.37109375 0.0875 0.0234375 0.04140625
1 0.4 0.13359375 0.03046875 0.05859375
1 0.4203125 0.2 0.0375 0.06640625
1 0.34296875 0.0125 0.0140625 0.01640625
1 0.31953125 0.0625 0.01875 0.03359375
1 0.3546875 0.05 0.0234375 0.04140625
1 0.2890625 0.04140625 0.01875 0.03359375
1 0.38359375 0.1125 0.02109375 0.04140625
1 0.31796875 0.02890625 0.01640625 0.01640625
1 0.31484375 0.01015625 0.0171875 0.0203125