1 0.103125 0.74140625 0.140625 0.26640625
1 0.23828125 0.15625 0.03046875 0.05390625
1 0.30390625 0.575 0.08203125 0.2
1 0.47265625 0.42109375 0.05859375 0.14140625
1 0.3453125 0.40859375 0.05625 0.13359375
1 0.28984375 0.1375 0.03046875 0.05859375
1 0.45859375 0.29765625 0.04921875 0.0875
1 0.3734375 0.0875 0.0234375 0.03359375
1 0.3875 0.12734375 0.0234375 0.0375
1 0.35078125 0.02109375 0.01640625 0.025
1 0.35 0.28359375 0.0421875 0.08359375
1 0.4015625 0.17734375 0.0234375 0.05390625
1 0.42734375 0.20390625 0.046875 0.1
1 0.3484375 0.22265625 0.03515625 0.0625
1 0.28984375 0.04140625 0.01640625 0.03359375
1 0.34296875 0.16640625 0.028125 0.06640625
1 0.33203125 0.12890625 0.02578125 0.04140625
1 0.3453125 0.00859375 0.0234375 0.01640625
1 0.33125 0.07734375 0.01875 0.02890625
1 0.02109375 0.35 0.0421875 0.08359375
1 0.32265625 0.05 0.02109375 0.04140625