1 0.5 0.78984375 0.0984375 0.27109375
1 0.33671875 0.28359375 0.03984375 0.08359375
1 0.7921875 0.91015625 0.11953125 0.17109375
1 0.48671875 0.50390625 0.05859375 0.14140625
1 0.11484375 0.71015625 0.13125 0.2375
1 0.23828125 0.15390625 0.03046875 0.05859375
1 0.31484375 0.49765625 0.075 0.1875
1 0.1796875 0.92109375 0.14296875 0.15
1 0.2890625 0.11015625 0.028125 0.0625
1 0.34140625 0.175 0.03046875 0.05859375
1 0.45390625 0.25859375 0.04453125 0.09140625
1 0.32890625 0.09375 0.01875 0.0375
1 0.41328125 0.18125 0.0328125 0.05390625
1 0.46953125 0.37734375 0.05625 0.1125
1 0.2921875 0.0375 0.01640625 0.025
1 0.31328125 0.00625 0.01640625 0.0125
1 0.325 0.05625 0.01640625 0.02890625
1 0.31953125 0.03359375 0.0140625 0.025
1 0.34765625 0.02109375 0.0140625 0.025
1 0.3765625 0.10625 0.03046875 0.04609375
1 0.4 0.14140625 0.03046875 0.05
1 0.3625 0.05234375 0.02109375 0.02890625
1 0.353125 0.03359375 0.01640625 0.025