1 0.240625 0.15390625 0.03046875 0.05859375
1 0.30625 0.4375 0.05859375 0.125
1 0.490625 0.64375 0.0796875 0.22109375
1 0.371875 0.06640625 0.02109375 0.03359375
1 0.33671875 0.17265625 0.03046875 0.05390625
1 0.3296875 0.12109375 0.02578125 0.04140625
1 0.33125 0.07265625 0.01875 0.02890625
1 0.3203125 0.03515625 0.01640625 0.02109375
1 0.31484375 0.00859375 0.0140625 0.01640625
1 0.353125 0.04140625 0.01640625 0.01640625
1 0.2921875 0.06484375 0.02109375 0.02890625
1 0.2921875 0.02265625 0.01640625 0.02109375