1 0.23828125 0.15390625 0.03515625 0.05859375
1 0.32890625 0.11015625 0.0234375 0.04609375
1 0.475 0.38515625 0.05390625 0.10390625
1 0.42734375 0.22890625 0.0421875 0.06640625
1 0.28984375 0.06015625 0.02109375 0.04609375
1 0.34296875 0.33515625 0.046875 0.09609375
1 0.40390625 0.16015625 0.0328125 0.0625
1 0.38125 0.11640625 0.02578125 0.04140625
1 0.3359375 0.17890625 0.028125 0.05859375
1 0.28671875 0.15 0.0375 0.09140625
1 0.1875 0.50859375 0.0890625 0.14140625
1 0.36171875 0.05859375 0.0234375 0.04140625
1 0.325 0.04765625 0.01640625 0.02109375
1 0.31953125 0.02890625 0.0140625 0.025
1 0.3734375 0.08359375 0.0234375 0.03359375
1 0.29140625 0.02265625 0.0140625 0.02109375
1 0.31640625 0.01015625 0.0140625 0.0203125
0 0.15625 0.7625 0.3125 0.46640625
2 0.26640625 0.28984375 0.07734375 0.14609375