1 0.43203125 0.21015625 0.0375 0.07109375
1 0.2921875 0.13125 0.02578125 0.0375
1 0.2390625 0.15625 0.0328125 0.05390625
1 0.340625 0.27890625 0.0375 0.08359375
1 0.321875 0.03359375 0.01875 0.03359375
1 0.29140625 0.07734375 0.0234375 0.0375
1 0.46953125 0.35 0.0515625 0.11640625
1 0.35078125 0.025 0.01640625 0.025
1 0.2734375 0.26015625 0.05390625 0.10390625
1 0.29375 0.50234375 0.065625 0.1375
1 0.33203125 0.075 0.02109375 0.03359375
1 0.378125 0.08515625 0.0234375 0.0375
1 0.33671875 0.10859375 0.02109375 0.04140625