1 0.3359375 0.275 0.0421875 0.075
1 0.49609375 0.96484375 0.08671875 0.0625
1 0.303125 0.17109375 0.028125 0.05
1 0.36953125 0.07265625 0.02109375 0.0375
1 0.23828125 0.15390625 0.03515625 0.05859375
1 0.4390625 0.23125 0.0421875 0.0875
1 0.2921875 0.08515625 0.02109375 0.0375
1 0.35078125 0.02734375 0.02109375 0.02890625
1 0.33359375 0.09140625 0.028125 0.075
1 0.29296875 0.01015625 0.0140625 0.0203125
1 0.31953125 0.02109375 0.01875 0.03359375
1 0.33671875 0.00625 0.01640625 0.0125
2 0.225 0.38515625 0.1546875 0.42890625