1 0.1984375 0.55234375 0.09140625 0.17890625
1 0.0484375 0.89765625 0.09609375 0.19609375
1 0.48203125 0.82890625 0.09609375 0.29140625
1 0.34375 0.36875 0.05390625 0.1125
1 0.23671875 0.15390625 0.0328125 0.05859375
1 0.3453125 0.26015625 0.0375 0.07109375
1 0.24375 0.38515625 0.0609375 0.12890625
1 0.4890625 0.50390625 0.07265625 0.2
1 0.29453125 0.60859375 0.09140625 0.2
1 0.34140625 0.18359375 0.03046875 0.05859375
1 0.29140625 0.12265625 0.0234375 0.0375
1 0.415625 0.19765625 0.0328125 0.05390625
1 0.44140625 0.25625 0.0421875 0.07109375
1 0.3390625 0.00859375 0.01640625 0.01640625
1 0.47421875 0.36875 0.0703125 0.12890625
1 0.38125 0.10390625 0.02578125 0.04140625
1 0.33125 0.10625 0.0375 0.0625
1 0.390625 0.13984375 0.03046875 0.0375
1 0.40625 0.17109375 0.028125 0.04140625
1 0.3671875 0.0875 0.02109375 0.025
1 0.31484375 0.00859375 0.0140625 0.01640625
1 0.3265625 0.07109375 0.0375 0.075
1 0.29375 0.01484375 0.0140625 0.02109375
1 0.36171875 0.0625 0.01875 0.025