1 0.34140625 0.32265625 0.04453125 0.09609375
1 0.28203125 0.2375 0.0375 0.06640625
1 0.23828125 0.15625 0.03046875 0.05390625
1 0.284375 0.13984375 0.028125 0.04609375
1 0.4328125 0.25234375 0.03984375 0.07109375
1 0.34609375 0.17734375 0.03046875 0.05390625
1 0.4578125 0.32890625 0.046875 0.09140625
1 0.490625 0.46875 0.075 0.22109375
1 0.29375 0.07109375 0.0234375 0.04140625
1 0.24375 0.7625 0.1265625 0.30859375
1 0.31328125 0.01484375 0.01640625 0.02890625
1 0.4203125 0.20625 0.0328125 0.0625
1 0.38125 0.10625 0.02109375 0.0375
1 0.40703125 0.15390625 0.03515625 0.06640625
1 0.37109375 0.08125 0.028125 0.04609375
1 0.36484375 0.05859375 0.01640625 0.01640625
1 0.3203125 0.04140625 0.01640625 0.01640625
1 0.39453125 0.13125 0.0234375 0.05390625