1 0.81484375 0.74765625 0.103125 0.2375
1 0.50234375 0.675 0.0890625 0.25859375
1 0.28515625 0.16015625 0.03046875 0.05390625
1 0.47890625 0.42109375 0.05625 0.125
1 0.34375 0.17109375 0.03046875 0.05859375
1 0.0703125 0.85234375 0.140625 0.2875
1 0.225 0.88359375 0.13125 0.225
1 0.2390625 0.15625 0.0328125 0.05390625
1 0.29140625 0.06875 0.01875 0.02890625
1 0.34375 0.25390625 0.03984375 0.06640625
1 0.325 0.04609375 0.02109375 0.05
1 0.45078125 0.28984375 0.0515625 0.1125
1 0.33125 0.35390625 0.0609375 0.13359375
1 0.26328125 0.30625 0.05625 0.1125
1 0.4234375 0.18515625 0.05859375 0.10390625
1 0.31328125 0.00625 0.01171875 0.0125
1 0.29140625 0.03515625 0.01875 0.02109375
0 0.30078125 0.52890625 0.103125 0.3