1 0.8453125 0.6484375 0.1140625 0.1984375
1 0.5046875 0.67265625 0.07890625 0.26484375
1 0.2375 0.8609375 0.1125 0.278125
1 0.07734375 0.82265625 0.1546875 0.2890625
2 0.29765625 0.52265625 0.0890625 0.30859375
1 0.48125 0.41796875 0.05390625 0.13125
1 0.45 0.284375 0.05546875 0.1
1 0.3390625 0.346875 0.05703125 0.1140625
2 0.26953125 0.2890625 0.04765625 0.11015625
2 0.42578125 0.18515625 0.0640625 0.11015625
1 0.34375 0.2484375 0.040625 0.08359375
1 0.24140625 0.1578125 0.03359375 0.06484375
1 0.28984375 0.14765625 0.034375 0.053125
1 0.3453125 0.16171875 0.028125 0.0484375