1 0.41328125 0.16484375 0.0328125 0.05390625
1 0.28046875 0.24375 0.03984375 0.07109375
1 0.23671875 0.15859375 0.0328125 0.05859375
1 0.371875 0.09609375 0.02578125 0.04140625
1 0.2890625 0.10859375 0.01875 0.03359375
1 0.47265625 0.41484375 0.05390625 0.1375
1 0.321875 0.325 0.046875 0.06640625
1 0.28984375 0.03515625 0.01640625 0.02109375
1 0.31796875 0.025 0.01640625 0.01640625
1 0.34140625 0.01875 0.01640625 0.02109375
1 0.33125 0.11484375 0.0234375 0.05390625
1 0.30859375 0.0125 0.01171875 0.00859375
0 0.30390625 0.4625 0.08671875 0.23359375