1 0.14453125 0.6375 0.11953125 0.20859375
1 0.79375 0.80390625 0.1171875 0.26640625
1 0.484375 0.47734375 0.06328125 0.15390625
1 0.48671875 0.73984375 0.09140625 0.2625
1 0.203125 0.91015625 0.12890625 0.17109375
1 0.23828125 0.15390625 0.03046875 0.05859375
1 0.340625 0.14765625 0.028125 0.05390625
1 0.46796875 0.33515625 0.05390625 0.09609375
1 0.41640625 0.18984375 0.03515625 0.05390625
1 0.25390625 0.36015625 0.05625 0.09609375
1 0.38828125 0.1125 0.02578125 0.04140625
1 0.4421875 0.2625 0.04453125 0.075
1 0.32734375 0.45 0.05859375 0.125
1 0.36171875 0.05859375 0.01875 0.03359375
1 0.340625 0.29140625 0.0421875 0.08359375
1 0.32734375 0.06484375 0.03046875 0.04609375
1 0.2875 0.20625 0.03046875 0.0625
1 0.34296875 0.0125 0.01875 0.025
1 0.32421875 0.02734375 0.028125 0.0375