1 0.28515625 0.21015625 0.03515625 0.0625
1 0.13984375 0.69609375 0.12421875 0.24140625
1 0.34296875 0.24765625 0.0328125 0.07109375
1 0.3359375 0.37265625 0.046875 0.10390625
1 0.2390625 0.15625 0.0328125 0.05390625
1 0.296875 0.62890625 0.09609375 0.20859375
1 0.225 0.44140625 0.0703125 0.15
1 0.4953125 0.75234375 0.103125 0.32890625
1 0.453125 0.28984375 0.046875 0.07890625
1 0.29140625 0.03359375 0.0234375 0.04140625
1 0.415625 0.19765625 0.0328125 0.05390625
1 0.34609375 0.02109375 0.02109375 0.03359375
1 0.48203125 0.45390625 0.08203125 0.15
1 0.315625 0.01484375 0.01640625 0.02890625
1 0.3203125 0.03984375 0.01640625 0.02109375
1 0.36875 0.06875 0.01875 0.02890625
1 0.4046875 0.17109375 0.02578125 0.04140625
1 0.38359375 0.11875 0.02578125 0.02890625
1 0.390625 0.14140625 0.03046875 0.03359375