1 0.221875 0.45234375 0.07734375 0.12890625
1 0.3265625 0.47734375 0.065625 0.14609375
1 0.28046875 0.23359375 0.03984375 0.06640625
1 0.471875 0.39609375 0.0515625 0.10859375
1 0.23828125 0.15625 0.03046875 0.05390625
1 0.29140625 0.10234375 0.0234375 0.04609375
1 0.44140625 0.27265625 0.0421875 0.07109375
1 0.42109375 0.21015625 0.03515625 0.0625
1 0.315625 0.02265625 0.01640625 0.02890625
1 0.32265625 0.05 0.01640625 0.025
1 0.4109375 0.15859375 0.0375 0.06640625
1 0.3484375 0.23125 0.03515625 0.07109375
1 0.38515625 0.10859375 0.0234375 0.04140625
1 0.33828125 0.14140625 0.0328125 0.05859375
1 0.2921875 0.03125 0.01640625 0.02890625
1 0.37109375 0.08984375 0.0234375 0.04609375
1 0.3953125 0.13515625 0.02578125 0.05390625
0 0.50234375 0.7 0.0984375 0.35859375