1 0.4625 0.36640625 0.0515625 0.11640625
1 0.071875 0.81484375 0.14296875 0.27890625
1 0.23828125 0.15625 0.03046875 0.05390625
1 0.390625 0.13125 0.03515625 0.07109375
1 0.425 0.2125 0.0375 0.06640625
1 0.334375 0.38984375 0.05390625 0.1125
1 0.5109375 0.7 0.08671875 0.23359375
1 0.34140625 0.1375 0.02578125 0.04140625
1 0.24140625 0.775 0.1171875 0.275
1 0.2890625 0.15234375 0.028125 0.04609375
1 0.3296875 0.08515625 0.02109375 0.0375
1 0.32265625 0.04140625 0.01640625 0.03359375
1 0.28203125 0.20625 0.0421875 0.07890625
2 0.196875 0.46640625 0.1359375 0.24140625