1 0.28671875 0.19765625 0.0328125 0.05390625
1 0.2921875 0.67109375 0.09609375 0.21640625
1 0.34296875 0.275 0.0375 0.075
1 0.49140625 0.55 0.06796875 0.175
1 0.23828125 0.15390625 0.03046875 0.05859375
1 0.34296875 0.17109375 0.028125 0.05859375
1 0.32265625 0.05 0.02109375 0.04140625
1 0.3359375 0.11875 0.0234375 0.04609375
1 0.4703125 0.3125 0.04921875 0.10859375
1 0.35546875 0.04375 0.01640625 0.02890625
1 0.4140625 0.175 0.03515625 0.05859375
1 0.2875 0.06484375 0.02109375 0.02890625
1 0.434375 0.23359375 0.0375 0.05859375
1 0.3875 0.12734375 0.0328125 0.05390625
1 0.3734375 0.07890625 0.0234375 0.03359375
1 0.2921875 0.03515625 0.01640625 0.02890625
1 0.36484375 0.05859375 0.02109375 0.03359375
1 0.3828125 0.09375 0.0234375 0.02890625
1 0.315625 0.00625 0.01171875 0.0125
1 0.29609375 0.00859375 0.009375 0.01640625
0 0.04609375 0.88359375 0.09140625 0.225