1 0.3625 0.07265625 0.02109375 0.0375
1 0.23671875 0.16015625 0.0328125 0.0625
1 0.2890625 0.17890625 0.0328125 0.05859375
1 0.2890625 0.07109375 0.01875 0.03359375
1 0.4609375 0.3375 0.04921875 0.10859375
1 0.396875 0.13125 0.028125 0.04609375
1 0.32734375 0.08359375 0.02109375 0.04140625
1 0.3171875 0.27109375 0.0375 0.075
1 0.3359375 0.00625 0.0140625 0.0125
1 0.31484375 0.01015625 0.0140625 0.0203125
1 0.29140625 0.01640625 0.0140625 0.01640625
0 0.32421875 0.35234375 0.065625 0.17890625
0 0.48828125 0.87734375 0.1453125 0.2375