1 0.23828125 0.15390625 0.03515625 0.05859375
1 0.5 0.64765625 0.084375 0.24609375
1 0.25859375 0.76015625 0.103125 0.24609375
1 0.2890625 0.17890625 0.0328125 0.075
1 0.3390625 0.15859375 0.03046875 0.05859375
1 0.471875 0.35234375 0.0515625 0.10390625
1 0.29140625 0.08515625 0.0234375 0.0375
1 0.33359375 0.0875 0.0234375 0.04140625
1 0.1828125 0.56875 0.103125 0.1875
1 0.31796875 0.01484375 0.01640625 0.02890625
1 0.33828125 0.29375 0.0515625 0.12109375
1 0.2921875 0.01875 0.01640625 0.02109375
1 0.40625 0.14375 0.046875 0.0875
1 0.29921875 0.125 0.01171875 0.03359375
1 0.4296875 0.23359375 0.0421875 0.06640625
0 0.06015625 0.8375 0.11953125 0.31640625
0 0.30625 0.49765625 0.09609375 0.27890625