1 0.2078125 0.5125 0.09140625 0.15
1 0.30859375 0.5875 0.08203125 0.18359375
1 0.26328125 0.325 0.05625 0.1
1 0.23828125 0.15390625 0.03046875 0.05859375
1 0.2875 0.17890625 0.03046875 0.05859375
1 0.48359375 0.61875 0.075 0.19609375
1 0.378125 0.0875 0.0234375 0.03359375
1 0.28671875 0.11484375 0.0234375 0.04609375
1 0.4859375 0.45625 0.065625 0.1625
1 0.29140625 0.06640625 0.01875 0.03359375
1 0.29375 0.03515625 0.01875 0.02890625
1 0.33359375 0.10625 0.0234375 0.04609375
1 0.3546875 0.04765625 0.01875 0.02109375
1 0.34296875 0.17890625 0.028125 0.04140625
1 0.46796875 0.33125 0.06796875 0.12109375
1 0.33828125 0.13984375 0.0234375 0.04609375
1 0.3203125 0.0375 0.01640625 0.025
1 0.3265625 0.0625 0.01875 0.03359375