1 0.49375 0.63515625 0.07265625 0.1875
1 0.3390625 0.15625 0.03046875 0.05390625
1 0.34140625 0.26875 0.03984375 0.07890625
1 0.47890625 0.43359375 0.0515625 0.125
1 0.3015625 0.53125 0.07734375 0.1875
1 0.23828125 0.15390625 0.03046875 0.05859375
1 0.36171875 0.05859375 0.01875 0.03359375
1 0.471875 0.325 0.05625 0.11640625
1 0.42734375 0.21875 0.0375 0.0625
1 0.31796875 0.025 0.02109375 0.025
1 0.40625 0.17265625 0.0375 0.0625
1 0.44921875 0.27109375 0.03984375 0.09140625
1 0.2546875 0.15 0.01171875 0.04140625
1 0.34296875 0.01484375 0.0140625 0.02109375
1 0.3484375 0.0375 0.01640625 0.025
1 0.39453125 0.14140625 0.028125 0.04140625
1 0.390625 0.12265625 0.01640625 0.02109375
1 0.27109375 0.50859375 0.02109375 0.075
0 0.19921875 0.47265625 0.09375 0.17890625