1 0.23828125 0.15625 0.03046875 0.05390625
1 0.396875 0.1375 0.0328125 0.05
1 0.28984375 0.15234375 0.02578125 0.04609375
1 0.453125 0.27890625 0.046875 0.08359375
1 0.334375 0.16875 0.03046875 0.05390625
1 0.3390625 0.22109375 0.03515625 0.06640625
1 0.33125 0.11015625 0.0234375 0.0375
1 0.35 0.0375 0.01875 0.025
1 0.325 0.06875 0.02109375 0.02890625
1 0.28984375 0.10625 0.02109375 0.0375
1 0.34375 0.01484375 0.01640625 0.0125
1 0.36484375 0.06875 0.02109375 0.02890625
1 0.2921875 0.03359375 0.01640625 0.03359375
1 0.3171875 0.01484375 0.0140625 0.0125
1 0.3203125 0.03984375 0.01640625 0.02109375
1 0.50703125 0.91015625 0.1125 0.17109375