1 0.17265625 0.59140625 0.10546875 0.19140625
1 0.2921875 0.18984375 0.03046875 0.0625
1 0.23671875 0.15625 0.0328125 0.05390625
1 0.27109375 0.2625 0.03984375 0.075
1 0.2984375 0.09375 0.0234375 0.0375
1 0.34296875 0.28359375 0.0421875 0.09140625
1 0.48359375 0.61875 0.075 0.19609375
1 0.4328125 0.22890625 0.03984375 0.06640625
1 0.33359375 0.4625 0.05625 0.125
1 0.23828125 0.38515625 0.06328125 0.12890625
1 0.4859375 0.45390625 0.065625 0.16640625
1 0.34609375 0.2125 0.03515625 0.075
1 0.40234375 0.15859375 0.02578125 0.04140625
1 0.3125 0.01015625 0.021875 0.0203125
1 0.46953125 0.34375 0.065625 0.12109375
1 0.94375 0.45390625 0.0609375 0.11640625
1 0.35078125 0.05 0.01640625 0.025
1 0.38359375 0.12109375 0.02578125 0.03359375
1 0.05546875 0.8875 0.05859375 0.2
1 0.3453125 0.01875 0.0140625 0.02109375
1 0.3390625 0.14140625 0.03046875 0.05859375
1 0.36875 0.08984375 0.0234375 0.0375
1 0.33125 0.10234375 0.01875 0.0375
1 0.3359375 0.11015625 0.01875 0.02890625
1 0.3359375 0.00390625 0.015625 0.0078125
0 0.76796875 0.79765625 0.2015625 0.39609375