1 0.49296875 0.82890625 0.1078125 0.33359375
1 0.5015625 0.51484375 0.06796875 0.1625
1 0.15390625 0.62109375 0.11015625 0.19140625
1 0.23828125 0.15625 0.03046875 0.05390625
1 0.28984375 0.16875 0.03046875 0.05390625
1 0.259375 0.32265625 0.05390625 0.09609375
1 0.278125 0.66875 0.10546875 0.22890625
1 0.33828125 0.41015625 0.05625 0.14609375
1 0.34375 0.24765625 0.03984375 0.0875
1 0.42734375 0.23359375 0.0375 0.06640625
1 0.409375 0.18125 0.03046875 0.05390625
1 0.43984375 0.28984375 0.03046875 0.07890625
1 0.34140625 0.15859375 0.03046875 0.05
1 0.47265625 0.34140625 0.06328125 0.15859375
1 0.39296875 0.125 0.03515625 0.05859375
1 0.37109375 0.07890625 0.01875 0.03359375
1 0.33828125 0.1125 0.0234375 0.04140625
1 0.2890625 0.05859375 0.0234375 0.03359375
1 0.325 0.0625 0.03046875 0.075