1 0.1984375 0.53125 0.08671875 0.15390625
1 0.37578125 0.07734375 0.0234375 0.0375
1 0.4796875 0.41015625 0.05859375 0.12890625
1 0.23671875 0.15859375 0.0328125 0.05859375
1 0.28984375 0.07890625 0.02109375 0.03359375
1 0.27734375 0.28125 0.0421875 0.07890625
1 0.3296875 0.07734375 0.02578125 0.0625
1 0.34609375 0.01484375 0.01640625 0.02109375
1 0.2921875 0.04140625 0.01640625 0.03359375
1 0.3109375 0.00234375 0.01171875 0.00390625
1 0.33359375 0.00234375 0.0140625 0.00390625
0 0.3171875 0.40859375 0.075 0.21640625