1 0.23828125 0.15625 0.03515625 0.05390625
1 0.48125 0.48515625 0.0609375 0.14609375
1 0.28984375 0.18125 0.03046875 0.05390625
1 0.50390625 0.77890625 0.10078125 0.325
1 0.34609375 0.23515625 0.03515625 0.07109375
1 0.465625 0.34765625 0.05859375 0.1375
1 0.2890625 0.11640625 0.0234375 0.04140625
1 0.25859375 0.3125 0.0515625 0.09140625
1 0.34140625 0.31640625 0.04453125 0.09140625
1 0.31796875 0.02109375 0.01640625 0.03359375
1 0.2921875 0.03125 0.01640625 0.02109375
1 0.43203125 0.21015625 0.05625 0.1125
1 0.334375 0.11875 0.03046875 0.07890625
1 0.321875 0.04609375 0.01875 0.025
1 0.3109375 0.475 0.08203125 0.19140625
0 0.2078125 0.79375 0.19921875 0.40390625
0 0.1640625 0.56875 0.1125 0.22109375