1 0.2984375 0.5 0.0703125 0.13359375
1 0.28515625 0.22265625 0.03515625 0.07109375
1 0.509375 0.64609375 0.0796875 0.19140625
1 0.23828125 0.15390625 0.03046875 0.05859375
1 0.47421875 0.3625 0.0515625 0.10859375
1 0.2921875 0.1125 0.02578125 0.05
1 0.3203125 0.07734375 0.02109375 0.0375
1 0.3359375 0.26484375 0.0421875 0.09609375
1 0.42265625 0.20625 0.0375 0.0625
1 0.35703125 0.05390625 0.0234375 0.04140625
1 0.3734375 0.09140625 0.0234375 0.04140625
1 0.4015625 0.1375 0.028125 0.05
1 0.45078125 0.28125 0.0375 0.0625
1 0.3453125 0.01484375 0.0140625 0.02109375
1 0.2875 0.05 0.02109375 0.04140625
1 0.31953125 0.0375 0.01875 0.025
1 0.44453125 0.25859375 0.03046875 0.04140625
1 0.30390625 0.03359375 0.00703125 0.025
1 0.2890625 0.05859375 0.01875 0.025
1 0.38359375 0.11640625 0.01640625 0.04140625