1 0.8765625 0.55859375 0.11015625 0.19140625
1 0.13984375 0.62734375 0.11015625 0.19609375
1 0.15625 0.95859375 0.14296875 0.075
1 0.27109375 0.32734375 0.04921875 0.0875
1 0.23828125 0.15625 0.03046875 0.05390625
1 0.484375 0.61640625 0.07265625 0.19140625
1 0.34765625 0.33984375 0.046875 0.09609375
1 0.484375 0.45390625 0.06796875 0.16640625
1 0.3109375 0.59609375 0.07734375 0.19140625
1 0.3546875 0.03515625 0.01875 0.02890625
1 0.28671875 0.21640625 0.0375 0.06640625
1 0.29140625 0.10625 0.0234375 0.0375
1 0.2890625 0.05625 0.01875 0.0375
1 0.3390625 0.18515625 0.03984375 0.10390625
1 0.334375 0.10234375 0.02109375 0.0375
1 0.340625 0.01484375 0.0140625 0.02109375
1 0.2921875 0.02734375 0.01640625 0.02109375
1 0.32734375 0.07265625 0.02109375 0.04609375
1 0.3203125 0.03359375 0.01640625 0.025
1 0.33828125 0.12265625 0.01875 0.02109375
2 0.44921875 0.25625 0.06796875 0.1375