1 0.3453125 0.24140625 0.0375 0.06640625
1 0.23828125 0.15625 0.03046875 0.05390625
1 0.5015625 0.49765625 0.06328125 0.14609375
1 0.259375 0.78984375 0.11953125 0.27109375
1 0.43671875 0.24375 0.0515625 0.0875
1 0.47265625 0.35859375 0.05390625 0.11640625
1 0.0625 0.86640625 0.12421875 0.25859375
1 0.40859375 0.16015625 0.028125 0.04609375
1 0.27109375 0.27109375 0.04453125 0.08359375
1 0.51171875 0.84375 0.0984375 0.30390625
1 0.2890625 0.05 0.0234375 0.05
1 0.36484375 0.06640625 0.02109375 0.03359375
1 0.38828125 0.11015625 0.02578125 0.0375
1 0.32265625 0.0625 0.01640625 0.03359375
1 0.37578125 0.08359375 0.0234375 0.025
1 0.31953125 0.02734375 0.0140625 0.02109375
0 0.33125 0.36484375 0.0609375 0.1375