1 0.140625 0.67109375 0.121875 0.225
1 0.29140625 0.2125 0.0328125 0.06640625
1 0.265625 0.29375 0.0421875 0.07890625
1 0.32421875 0.52265625 0.065625 0.15390625
1 0.340625 0.30625 0.046875 0.10390625
1 0.23671875 0.15625 0.0328125 0.05390625
1 0.48359375 0.61875 0.075 0.19609375
1 0.90703125 0.52109375 0.10078125 0.14140625
1 0.43515625 0.2375 0.03984375 0.06640625
1 0.29609375 0.1125 0.0234375 0.04140625
1 0.221875 0.42890625 0.07265625 0.14140625
1 0.40625 0.16875 0.028125 0.04609375
1 0.4859375 0.45859375 0.065625 0.16640625
1 0.31328125 0.01484375 0.02109375 0.02890625
1 0.34765625 0.22265625 0.0375 0.07890625
1 0.46953125 0.34609375 0.065625 0.125
1 0.35078125 0.05390625 0.01640625 0.025
1 0.3859375 0.12734375 0.02578125 0.0375
1 0.34765625 0.02109375 0.01875 0.025
1 0.33203125 0.1125 0.02109375 0.04140625
1 0.37109375 0.09609375 0.01875 0.04140625
1 0.340625 0.15234375 0.028125 0.0625
1 0.4609375 0.26875 0.04921875 0.05390625
1 0.3359375 0.00859375 0.0140625 0.01640625
0 0.76640625 0.88515625 0.18984375 0.22109375