1 0.50234375 0.68359375 0.084375 0.20859375
1 0.2125 0.45859375 0.07734375 0.13359375
1 0.1421875 0.66875 0.11484375 0.2375
1 0.46015625 0.32734375 0.0421875 0.0875
1 0.23828125 0.15625 0.03515625 0.05390625
1 0.21015625 0.88984375 0.12890625 0.2125
1 0.4234375 0.22109375 0.03984375 0.06640625
1 0.02734375 0.96875 0.05390625 0.05390625
1 0.2875 0.15234375 0.04453125 0.0875
1 0.32890625 0.09609375 0.01875 0.04140625
1 0.390625 0.14609375 0.02578125 0.04140625
1 0.32421875 0.05390625 0.01875 0.03359375
1 0.31484375 0.01640625 0.0171875 0.0328125
1 0.34140625 0.15390625 0.03046875 0.04140625
1 0.29140625 0.05234375 0.0234375 0.05390625
1 0.38359375 0.11484375 0.02578125 0.02890625
1 0.36640625 0.09609375 0.0140625 0.03359375
1 0.36015625 0.05234375 0.02578125 0.04609375
1 0.29140625 0.01015625 0.0140625 0.0203125
1 0.371875 0.09375 0.02578125 0.0375
0 0.32421875 0.29375 0.084375 0.2625