1 0.23671875 0.15859375 0.0328125 0.05859375
1 0.33203125 0.12265625 0.02578125 0.04609375
1 0.28984375 0.14765625 0.02578125 0.04609375
1 0.4375 0.22734375 0.03984375 0.07109375
1 0.325 0.07265625 0.02109375 0.0375
1 0.396875 0.13125 0.028125 0.04609375
1 0.35 0.03125 0.01875 0.02890625
1 0.24140625 0.37890625 0.065625 0.13359375
1 0.3734375 0.08515625 0.01875 0.02890625
1 0.2921875 0.02734375 0.01640625 0.02109375
1 0.31796875 0.02109375 0.01640625 0.025
1 0.29609375 0.00859375 0.009375 0.01640625
0 0.34296875 0.225 0.0421875 0.11640625