1 0.265625 0.71875 0.1078125 0.2375
1 0.23828125 0.15625 0.03046875 0.05390625
1 0.47734375 0.39765625 0.05390625 0.1125
1 0.32734375 0.075 0.02109375 0.04140625
1 0.45546875 0.28984375 0.046875 0.07890625
1 0.34609375 0.025 0.01640625 0.03359375
1 0.33828125 0.125 0.0234375 0.04140625
1 0.43046875 0.22734375 0.03515625 0.05390625
1 0.49375 0.55625 0.07265625 0.17890625
1 0.3953125 0.12265625 0.02578125 0.05390625
1 0.36484375 0.07265625 0.02109375 0.0375
1 0.37890625 0.09765625 0.02109375 0.0375
1 0.2921875 0.02734375 0.01640625 0.02890625
1 0.409375 0.17734375 0.03515625 0.05390625
1 0.2890625 0.0625 0.01875 0.03359375
1 0.31171875 0.01015625 0.0140625 0.0203125
1 0.42734375 0.2 0.01875 0.01640625