1 0.34140625 0.20625 0.03515625 0.0625
1 0.43984375 0.26484375 0.04453125 0.07109375
1 0.19375 0.49609375 0.07734375 0.15
1 0.13515625 0.68515625 0.11953125 0.24609375
1 0.23671875 0.15390625 0.0328125 0.05859375
1 0.325 0.07265625 0.02109375 0.0375
1 0.28984375 0.0875 0.02578125 0.06640625
1 0.371875 0.09375 0.02109375 0.0375
1 0.36171875 0.05625 0.0234375 0.04609375
1 0.3203125 0.03125 0.01640625 0.02109375
1 0.38515625 0.11875 0.028125 0.04609375
1 0.33125 0.12109375 0.0234375 0.04140625
1 0.48125 0.42734375 0.0515625 0.1125
1 0.39921875 0.16484375 0.028125 0.05390625
1 0.2921875 0.02109375 0.01640625 0.03359375
1 0.2828125 0.20859375 0.05390625 0.10859375
1 0.31484375 0.00625 0.0140625 0.0125
0 0.296875 0.45234375 0.13359375 0.40390625