1 0.51171875 0.69140625 0.084375 0.21640625
1 0.23828125 0.15390625 0.03046875 0.05859375
1 0.28203125 0.24765625 0.0375 0.07109375
1 0.2921875 0.12265625 0.02578125 0.05390625
1 0.4765625 0.375 0.0515625 0.10859375
1 0.32265625 0.08515625 0.02109375 0.0375
1 0.284375 0.56484375 0.075 0.17109375
1 0.334375 0.29140625 0.04453125 0.1
1 0.42265625 0.20859375 0.0375 0.06640625
1 0.45078125 0.27890625 0.0421875 0.075
1 0.35703125 0.05625 0.0234375 0.0375
1 0.37421875 0.09140625 0.02109375 0.04140625
1 0.3453125 0.01640625 0.0140625 0.025
1 0.4015625 0.1375 0.028125 0.05859375
1 0.2890625 0.05625 0.01875 0.0375
1 0.38359375 0.11875 0.01640625 0.0375
1 0.31953125 0.03984375 0.01875 0.02890625