1 0.484375 0.5 0.06328125 0.15859375
1 0.3265625 0.11015625 0.0234375 0.0375
1 0.23671875 0.15625 0.0328125 0.05390625
1 0.49296875 0.75625 0.084375 0.2375
1 0.471875 0.31015625 0.0515625 0.0875
1 0.32734375 0.325 0.04921875 0.1
1 0.27109375 0.26015625 0.03984375 0.0875
1 0.28984375 0.04609375 0.01640625 0.025
1 0.3203125 0.03125 0.02109375 0.02890625
1 0.31953125 0.05390625 0.01875 0.025
1 0.94375 0.45234375 0.0609375 0.1125
1 0.29140625 0.01015625 0.0109375 0.0203125
1 0.315625 0.00625 0.01171875 0.0125