1 0.17578125 0.57109375 0.09375 0.15859375
1 0.48828125 0.87890625 0.1078125 0.23359375
1 0.49140625 0.56484375 0.06796875 0.1625
1 0.34140625 0.19609375 0.03046875 0.05859375
1 0.3359375 0.34140625 0.046875 0.11640625
1 0.259375 0.73125 0.10546875 0.22890625
1 0.47890625 0.43359375 0.0515625 0.125
1 0.23828125 0.15390625 0.03046875 0.05859375
1 0.2640625 0.29609375 0.05390625 0.10859375
1 0.4 0.1625 0.03515625 0.05859375
1 0.4703125 0.325 0.05390625 0.11640625
1 0.334375 0.11640625 0.02578125 0.04140625
1 0.3546875 0.04140625 0.01875 0.03359375
1 0.38828125 0.12109375 0.02578125 0.05
1 0.315625 0.01484375 0.02109375 0.02890625
1 0.45078125 0.26640625 0.0421875 0.09140625
1 0.42578125 0.21875 0.03515625 0.0625
1 0.34609375 0.02265625 0.01640625 0.02890625
1 0.25390625 0.14609375 0.0140625 0.04140625
1 0.33828125 0.00625 0.0140625 0.0125