1 0.31484375 0.59609375 0.084375 0.20859375
1 0.23828125 0.15390625 0.03046875 0.05859375
1 0.34609375 0.32109375 0.04453125 0.09140625
1 0.4765625 0.35625 0.05625 0.1125
1 0.29140625 0.09765625 0.0234375 0.0375
1 0.28515625 0.17109375 0.03046875 0.05
1 0.39921875 0.15234375 0.028125 0.04609375
1 0.26875 0.3 0.05390625 0.09140625
1 0.3625 0.04765625 0.02109375 0.0375
1 0.41328125 0.20859375 0.0234375 0.05859375
1 0.38359375 0.1125 0.02109375 0.04140625
1 0.4421875 0.24140625 0.05390625 0.11640625
1 0.35 0.24375 0.0375 0.07109375
1 0.3453125 0.18515625 0.0328125 0.0625
1 0.48125 0.51484375 0.065625 0.17890625
1 0.2125 0.91015625 0.12890625 0.17109375
1 0.3296875 0.08125 0.02109375 0.02890625
1 0.28984375 0.03984375 0.02109375 0.04609375
1 0.35078125 0.02734375 0.01640625 0.02890625
1 0.334375 0.10859375 0.02578125 0.03359375