1 0.12109375 0.725 0.12421875 0.225
1 0.49140625 0.48125 0.06328125 0.15390625
1 0.38515625 0.10234375 0.0234375 0.04609375
1 0.23671875 0.15859375 0.0328125 0.05859375
1 0.25703125 0.35625 0.05859375 0.09609375
1 0.2921875 0.05625 0.01640625 0.02890625
1 0.29140625 0.09140625 0.0234375 0.03359375
1 0.3484375 0.025 0.01640625 0.025
1 0.3125 0.00625 0.0140625 0.0125
1 0.4578125 0.33359375 0.0234375 0.05859375
1 0.33671875 0.00625 0.01640625 0.0125
1 0.33203125 0.1125 0.03046875 0.04140625
0 0.2984375 0.51015625 0.0984375 0.27890625