1 0.27265625 0.71875 0.0984375 0.2125
1 0.5 0.49140625 0.065625 0.14140625
1 0.278125 0.25234375 0.03984375 0.07109375
1 0.42734375 0.21875 0.0375 0.0625
1 0.33671875 0.48125 0.06328125 0.1375
1 0.28671875 0.15390625 0.028125 0.05
1 0.34140625 0.34609375 0.04453125 0.09140625
1 0.23671875 0.15390625 0.0328125 0.05859375
1 0.1640625 0.60234375 0.1078125 0.20390625
1 0.509375 0.92265625 0.1078125 0.14609375
1 0.39296875 0.14765625 0.03046875 0.05390625
1 0.3765625 0.08984375 0.02578125 0.0375
1 0.340625 0.15234375 0.028125 0.04609375
1 0.34765625 0.025 0.0140625 0.025
1 0.2921875 0.03125 0.01640625 0.02109375
1 0.34609375 0.22109375 0.03515625 0.06640625
1 0.3296875 0.07734375 0.02109375 0.0375
1 0.33359375 0.1125 0.028125 0.04140625
1 0.3390625 0.26875 0.03984375 0.0875
1 0.3171875 0.01484375 0.0140625 0.02109375
1 0.36640625 0.0625 0.0234375 0.025
1 0.4578125 0.29140625 0.046875 0.08359375
1 0.296875 0.00625 0.00703125 0.0125
1 0.3640625 0.03515625 0.01875 0.02109375
1 0.3203125 0.05625 0.02109375 0.0375
1 0.3359375 0.00234375 0.0140625 0.00390625