1 0.32265625 0.38984375 0.05390625 0.12109375
1 0.23671875 0.15390625 0.0328125 0.05859375
1 0.4890625 0.52734375 0.05859375 0.15390625
1 0.284375 0.15859375 0.0375 0.075
1 0.34375 0.225 0.03046875 0.06640625
1 0.33203125 0.11640625 0.02109375 0.04140625
1 0.4703125 0.38984375 0.05390625 0.1125
1 0.2546875 0.76484375 0.12421875 0.32890625
1 0.29140625 0.05625 0.01875 0.02890625
1 0.45859375 0.26875 0.04453125 0.09609375
1 0.41640625 0.18984375 0.03515625 0.05390625
1 0.31484375 0.01015625 0.0171875 0.0203125
1 0.35 0.02265625 0.0140625 0.02890625
1 0.38046875 0.1125 0.0328125 0.05
1 0.321875 0.04375 0.0140625 0.02890625
1 0.36484375 0.05625 0.02109375 0.02890625
1 0.32890625 0.07265625 0.01875 0.02890625
1 0.50625 0.86875 0.10546875 0.25390625
1 0.37421875 0.08125 0.02109375 0.02890625
1 0.4 0.14765625 0.03046875 0.05390625