1 0.2875 0.20625 0.03515625 0.05390625
1 0.48828125 0.53515625 0.0609375 0.14609375
1 0.29375 0.70234375 0.103125 0.22890625
1 0.434375 0.25859375 0.0421875 0.08359375
1 0.32421875 0.5 0.065625 0.14140625
1 0.23828125 0.15625 0.03046875 0.05390625
1 0.3484375 0.2125 0.03515625 0.06640625
1 0.3171875 0.01484375 0.01875 0.02890625
1 0.415625 0.18984375 0.0375 0.0625
1 0.28984375 0.08984375 0.02109375 0.0375
1 0.35 0.02890625 0.0140625 0.025
1 0.2921875 0.02265625 0.01640625 0.02109375
1 0.35078125 0.3 0.03984375 0.09140625
1 0.33125 0.37890625 0.0515625 0.11640625
1 0.2265625 0.43515625 0.07265625 0.12109375
1 0.34375 0.16640625 0.03046875 0.05
1 0.36171875 0.06015625 0.01875 0.02890625
1 0.33671875 0.125 0.02578125 0.05
1 0.3265625 0.05625 0.0140625 0.02890625
1 0.39453125 0.13125 0.0328125 0.04609375
1 0.3765625 0.09375 0.01640625 0.0375
1 0.00625 0.39375 0.01171875 0.07890625