1 0.34140625 0.17265625 0.03046875 0.05390625
1 0.47890625 0.43515625 0.0515625 0.12890625
1 0.4953125 0.67265625 0.075 0.20390625
1 0.2828125 0.6125 0.09140625 0.225
1 0.3625 0.06484375 0.02109375 0.0375
1 0.23828125 0.15390625 0.03515625 0.05859375
1 0.3390625 0.29375 0.03984375 0.07890625
1 0.471875 0.325 0.05625 0.11640625
1 0.42734375 0.21875 0.0375 0.0625
1 0.3953125 0.14140625 0.03046875 0.05
1 0.40703125 0.17734375 0.03984375 0.0625
1 0.45078125 0.27265625 0.0421875 0.09609375
1 0.35078125 0.0375 0.01640625 0.025
1 0.25625 0.15 0.009375 0.04140625
1 0.34375 0.01484375 0.01640625 0.02890625
1 0.31796875 0.02734375 0.02109375 0.02890625
0 0.16796875 0.55 0.11015625 0.225