1 0.178125 0.54140625 0.09375 0.16640625
1 0.0796875 0.82265625 0.15 0.3125
1 0.51875 0.71484375 0.084375 0.2375
1 0.3359375 0.17265625 0.0328125 0.05390625
1 0.23828125 0.15390625 0.03515625 0.05859375
1 0.43984375 0.24375 0.04453125 0.07890625
1 0.4015625 0.175 0.0328125 0.05859375
1 0.2890625 0.11875 0.028125 0.05390625
1 0.4703125 0.35859375 0.05390625 0.11640625
1 0.2796875 0.20859375 0.046875 0.10859375
1 0.28984375 0.06640625 0.01640625 0.025
1 0.32890625 0.06640625 0.01875 0.025
1 0.31796875 0.02109375 0.01640625 0.025
1 0.36953125 0.07734375 0.02578125 0.0375
1 0.2984375 0.63125 0.0890625 0.19609375
1 0.3390625 0.2875 0.03984375 0.08359375
1 0.32265625 0.04609375 0.01640625 0.03359375
1 0.3859375 0.1125 0.02578125 0.04140625
1 0.3625 0.05390625 0.02109375 0.03359375
2 0.2484375 0.34765625 0.09375 0.17109375