1 0.321875 0.45 0.0609375 0.14140625
1 0.34765625 0.22109375 0.0375 0.05859375
1 0.4703125 0.34375 0.05390625 0.09609375
1 0.4890625 0.85390625 0.10546875 0.28359375
1 0.2390625 0.15390625 0.0328125 0.05859375
1 0.4859375 0.49375 0.065625 0.1625
1 0.23671875 0.84375 0.13125 0.29609375
1 0.425 0.20859375 0.0375 0.06640625
1 0.2703125 0.30625 0.046875 0.0875
1 0.4 0.13984375 0.02578125 0.04609375
1 0.3734375 0.07734375 0.0234375 0.0375
1 0.44609375 0.275 0.046875 0.075
1 0.33203125 0.1 0.03515625 0.05
1 0.35078125 0.02265625 0.01640625 0.0375
1 0.32734375 0.05625 0.03515625 0.04609375
1 0.178125 0.58125 0.103125 0.1875
1 0.3359375 0.00625 0.0140625 0.0125