1 0.303125 0.5625 0.075 0.16640625
1 0.20078125 0.94609375 0.12890625 0.1
1 0.203125 0.50859375 0.08203125 0.18359375
1 0.46328125 0.33359375 0.04921875 0.09140625
1 0.075 0.85 0.15 0.29140625
1 0.2390625 0.15625 0.0328125 0.05390625
1 0.33828125 0.31640625 0.0421875 0.09140625
1 0.27109375 0.28359375 0.04453125 0.075
1 0.42109375 0.21015625 0.03515625 0.05390625
1 0.29140625 0.05625 0.028125 0.05390625
1 0.35234375 0.03515625 0.01875 0.02890625
1 0.48671875 0.59140625 0.09609375 0.19140625
1 0.40234375 0.16875 0.03046875 0.04609375
1 0.32265625 0.05390625 0.01640625 0.025
1 0.31796875 0.025 0.01640625 0.025
1 0.48203125 0.45 0.06796875 0.1
1 0.34140625 0.17109375 0.04453125 0.075
1 0.3125 0.00625 0.0140625 0.0125