1 0.22890625 0.42734375 0.07734375 0.1375
1 0.11640625 0.73125 0.13828125 0.24609375
1 0.484375 0.61875 0.07265625 0.19609375
1 0.23828125 0.86640625 0.13359375 0.25859375
1 0.23828125 0.15625 0.03515625 0.05390625
1 0.3921875 0.12734375 0.028125 0.04609375
1 0.2828125 0.23359375 0.03515625 0.06640625
1 0.284375 0.15390625 0.028125 0.05859375
1 0.484375 0.45625 0.06796875 0.1625
1 0.29453125 0.0625 0.01640625 0.03359375
1 0.34609375 0.20859375 0.03046875 0.05859375
1 0.2890625 0.10234375 0.0234375 0.0375
1 0.46953125 0.34375 0.065625 0.12109375
1 0.36484375 0.07109375 0.02109375 0.03359375
1 0.3390625 0.1625 0.03046875 0.05859375
1 0.33671875 0.12734375 0.02578125 0.05390625
1 0.31484375 0.00859375 0.0140625 0.01640625
1 0.31328125 0.11015625 0.01171875 0.0375
1 0.3296875 0.08515625 0.02109375 0.0375
0 0.3359375 0.33515625 0.05625 0.17109375