1 0.21796875 0.87109375 0.140625 0.25
1 0.28203125 0.23984375 0.0375 0.07109375
1 0.23828125 0.15625 0.03046875 0.05390625
1 0.49765625 0.49375 0.065625 0.15390625
1 0.30625 0.54609375 0.08203125 0.175
1 0.4859375 0.74140625 0.1078125 0.29140625
1 0.2921875 0.12734375 0.02578125 0.04609375
1 0.79140625 0.93125 0.1171875 0.12890625
1 0.3453125 0.21640625 0.0375 0.075
1 0.425 0.225 0.0375 0.06640625
1 0.2359375 0.41015625 0.06796875 0.12109375
1 0.40703125 0.17734375 0.03046875 0.05390625
1 0.34375 0.34765625 0.04921875 0.12109375
1 0.38984375 0.11640625 0.0328125 0.05859375
1 0.4703125 0.33515625 0.06328125 0.15390625
1 0.43671875 0.28359375 0.0328125 0.075
1 0.33828125 0.13984375 0.028125 0.0625
1 0.2890625 0.04765625 0.01875 0.02890625
1 0.3671875 0.06875 0.02109375 0.02890625
1 0.325 0.06015625 0.03046875 0.07890625