1 0.28984375 0.64765625 0.08671875 0.1875
1 0.5 0.64140625 0.0703125 0.19140625
1 0.23671875 0.15390625 0.0328125 0.05859375
1 0.34296875 0.44140625 0.05625 0.125
1 0.80078125 0.82734375 0.1265625 0.3125
1 0.28515625 0.14609375 0.02578125 0.05
1 0.4375 0.23359375 0.03984375 0.05859375
1 0.28984375 0.09140625 0.02109375 0.03359375
1 0.38046875 0.11640625 0.028125 0.05
1 0.34296875 0.32265625 0.0421875 0.0875
1 0.06796875 0.84375 0.1359375 0.29609375
1 0.415625 0.18125 0.0328125 0.05390625
1 0.47421875 0.35625 0.05625 0.1125
1 0.36875 0.06875 0.0234375 0.0375
1 0.340625 0.00859375 0.0140625 0.01640625
1 0.26875 0.3125 0.04453125 0.06640625
1 0.33671875 0.12265625 0.02578125 0.04609375
1 0.33125 0.08984375 0.0234375 0.0375
1 0.3578125 0.04375 0.02109375 0.02109375
1 0.35546875 0.02265625 0.01640625 0.02109375
1 0.34375 0.19609375 0.03515625 0.05859375
1 0.3390625 0.26015625 0.03515625 0.04609375
1 0.3265625 0.0625 0.01875 0.025
1 0.32421875 0.04140625 0.0140625 0.01640625
1 0.340625 0.22265625 0.0328125 0.04609375
1 0.3203125 0.025 0.01640625 0.025
2 0.1828125 0.89375 0.1828125 0.20390625