1 0.146875 0.65 0.10078125 0.175
1 0.23828125 0.15625 0.03046875 0.05390625
1 0.396875 0.14609375 0.028125 0.05
1 0.29921875 0.54765625 0.07734375 0.1625
1 0.2390625 0.42109375 0.065625 0.11640625
1 0.4234375 0.2125 0.03984375 0.06640625
1 0.33671875 0.29375 0.03984375 0.07890625
1 0.48359375 0.60234375 0.075 0.19609375
1 0.2875 0.2 0.03515625 0.05859375
1 0.35234375 0.02734375 0.0140625 0.02109375
1 0.33671875 0.17734375 0.03046875 0.05390625
1 0.4703125 0.36015625 0.05390625 0.1125
1 0.37421875 0.08359375 0.02109375 0.03359375
1 0.2921875 0.09765625 0.02109375 0.0375
1 0.31953125 0.03125 0.0140625 0.02109375
1 0.32734375 0.07109375 0.02109375 0.03359375
1 0.2921875 0.04375 0.01640625 0.02109375
1 0.3359375 0.11484375 0.0234375 0.0375
1 0.2890625 0.14609375 0.028125 0.04140625
1 0.3140625 0.00390625 0.01875 0.0078125
1 0.33671875 0.00234375 0.01640625 0.00390625
0 0.82265625 0.64765625 0.17109375 0.37109375