1 0.4953125 0.6875 0.0890625 0.24140625
1 0.434375 0.22890625 0.0375 0.075
1 0.78515625 0.86640625 0.12890625 0.25859375
1 0.31953125 0.04375 0.01875 0.0375
1 0.23671875 0.15859375 0.0328125 0.05859375
1 0.35234375 0.04140625 0.01875 0.03359375
1 0.303125 0.18125 0.0328125 0.05390625
1 0.37578125 0.08515625 0.0234375 0.02890625
1 0.29140625 0.11640625 0.0234375 0.04140625
1 0.33671875 0.22734375 0.04453125 0.12109375
1 0.2890625 0.03359375 0.01875 0.025
0 0.15859375 0.91640625 0.17578125 0.15859375