1 0.23828125 0.15625 0.03046875 0.05390625
1 0.446875 0.25859375 0.04453125 0.08359375
1 0.2890625 0.14140625 0.0234375 0.04140625
1 0.3921875 0.12734375 0.028125 0.04609375
1 0.29140625 0.09609375 0.01875 0.03359375
1 0.3296875 0.1 0.02109375 0.03359375
1 0.50234375 0.8625 0.1078125 0.26640625
1 0.33359375 0.15390625 0.028125 0.05
1 0.340625 0.19765625 0.0328125 0.0625
1 0.3484375 0.03359375 0.01640625 0.025
1 0.3203125 0.03359375 0.01640625 0.025
1 0.3625 0.0625 0.02109375 0.025
1 0.28984375 0.03515625 0.01640625 0.02109375
1 0.34140625 0.01015625 0.01171875 0.0125
1 0.32421875 0.06015625 0.01875 0.02890625
1 0.3171875 0.01015625 0.0140625 0.0125
2 0.18046875 0.47109375 0.225 0.475