1 0.23671875 0.15859375 0.0328125 0.05859375
1 0.4796875 0.4625 0.05390625 0.13359375
1 0.29140625 0.125 0.028125 0.05
1 0.18046875 0.9 0.140625 0.19140625
1 0.2484375 0.375 0.0609375 0.11640625
1 0.09765625 0.7625 0.14296875 0.26640625
1 0.44140625 0.24375 0.0421875 0.07890625
1 0.325 0.34765625 0.05390625 0.10390625
1 0.39921875 0.15 0.028125 0.05859375
1 0.49609375 0.9 0.09140625 0.19140625
1 0.3390625 0.20390625 0.03046875 0.05859375
1 0.3640625 0.075 0.01875 0.03359375
1 0.321875 0.05625 0.01875 0.02109375
1 0.3171875 0.01875 0.01875 0.02890625
1 0.29140625 0.01875 0.0140625 0.02109375
1 0.34296875 0.02265625 0.0140625 0.02109375
1 0.33125 0.24765625 0.028125 0.07890625
1 0.34765625 0.01015625 0.0171875 0.0203125