1 0.2890625 0.26015625 0.0421875 0.07109375
1 0.31953125 0.38984375 0.05625 0.10390625
1 0.3578125 0.05625 0.02109375 0.0375
1 0.23828125 0.15625 0.03046875 0.05390625
1 0.4296875 0.22890625 0.0421875 0.06640625
1 0.50703125 0.92265625 0.1078125 0.14609375
1 0.071875 0.81640625 0.14296875 0.30859375
1 0.19375 0.84609375 0.14296875 0.3
1 0.2875 0.10859375 0.03515625 0.05859375
1 0.34375 0.01484375 0.01640625 0.02109375
1 0.31953125 0.02734375 0.0140625 0.02109375
1 0.3078125 0.0125 0.0140625 0.025
2 0.28671875 0.07890625 0.0375 0.11640625