1 0.1125 0.70234375 0.1265625 0.22890625
1 0.23671875 0.15390625 0.0328125 0.05859375
1 0.49609375 0.49765625 0.06796875 0.15390625
1 0.45078125 0.3125 0.046875 0.08359375
1 0.41171875 0.18125 0.03046875 0.05390625
1 0.29140625 0.57890625 0.084375 0.2
1 0.321875 0.0375 0.01875 0.03359375
1 0.38515625 0.1125 0.0328125 0.05859375
1 0.3390625 0.11640625 0.02109375 0.03359375
1 0.34140625 0.31875 0.04453125 0.0875
1 0.32734375 0.075 0.02109375 0.03359375
1 0.28984375 0.13359375 0.02578125 0.04140625
1 0.2828125 0.1875 0.03984375 0.075
1 0.5234375 0.97265625 0.0796875 0.04609375