1 0.490625 0.57890625 0.065625 0.15859375
1 0.2890625 0.72265625 0.1078125 0.2375
1 0.2828125 0.22890625 0.03984375 0.05859375
1 0.23828125 0.15625 0.03046875 0.05390625
1 0.43671875 0.26640625 0.046875 0.08359375
1 0.3484375 0.21484375 0.03515625 0.0625
1 0.32421875 0.50390625 0.065625 0.14140625
1 0.41796875 0.19375 0.0375 0.0625
1 0.3171875 0.01640625 0.01875 0.0328125
1 0.35078125 0.03125 0.01640625 0.02890625
1 0.20390625 0.49609375 0.084375 0.15
1 0.29140625 0.09765625 0.01875 0.0375
1 0.35 0.30625 0.0421875 0.09609375
1 0.3453125 0.16640625 0.0328125 0.05
1 0.28984375 0.02109375 0.02109375 0.025
1 0.378125 0.09765625 0.01875 0.0375
1 0.3953125 0.12265625 0.03515625 0.07109375
1 0.3640625 0.0625 0.01875 0.025
1 0.3296875 0.38515625 0.05390625 0.12109375
1 0.325 0.05859375 0.01171875 0.025
1 0.33125 0.09765625 0.0234375 0.04609375
1 0.33671875 0.12734375 0.02578125 0.05390625