1 0.80078125 0.86015625 0.13125 0.27109375
1 0.315625 0.51015625 0.07734375 0.15390625
1 0.48203125 0.72265625 0.10078125 0.27890625
1 0.2359375 0.83515625 0.13359375 0.30390625
1 0.28515625 0.21640625 0.03515625 0.06640625
1 0.49765625 0.4875 0.065625 0.15
1 0.23828125 0.15859375 0.03046875 0.05859375
1 0.3453125 0.32734375 0.046875 0.1125
1 0.34375 0.20859375 0.03515625 0.075
1 0.4234375 0.22109375 0.03515625 0.06640625
1 0.29140625 0.11640625 0.0234375 0.04140625
1 0.4046875 0.17265625 0.03046875 0.05390625
1 0.38984375 0.11484375 0.0328125 0.05390625
1 0.4703125 0.33359375 0.06328125 0.15859375
1 0.4375 0.28359375 0.03046875 0.075
1 0.28984375 0.03984375 0.01640625 0.02890625
1 0.36484375 0.06640625 0.02109375 0.03359375
1 0.2609375 0.33984375 0.0421875 0.0625
1 0.33828125 0.13515625 0.028125 0.0625
1 0.24765625 0.36875 0.04921875 0.09609375