1 0.28203125 0.75390625 0.1125 0.25
1 0.49296875 0.64140625 0.0703125 0.18359375
1 0.32265625 0.5125 0.06796875 0.14140625
1 0.23828125 0.15390625 0.03046875 0.05859375
1 0.28046875 0.2625 0.04453125 0.06640625
1 0.1703125 0.58359375 0.10078125 0.175
1 0.3484375 0.21640625 0.03515625 0.06640625
1 0.41875 0.20234375 0.03984375 0.0625
1 0.2921875 0.02265625 0.01640625 0.02890625
1 0.353125 0.03515625 0.01640625 0.02890625
1 0.31796875 0.01875 0.02109375 0.0375
1 0.35078125 0.31484375 0.03984375 0.09609375
1 0.43984375 0.27265625 0.04921875 0.09609375
1 0.29140625 0.10859375 0.0234375 0.04140625
1 0.32890625 0.39375 0.05625 0.12109375
1 0.37890625 0.10234375 0.01640625 0.0375
1 0.39765625 0.14375 0.03515625 0.04609375
1 0.36484375 0.06875 0.02109375 0.02890625
1 0.01171875 0.33984375 0.0234375 0.0625
1 0.34609375 0.175 0.03046875 0.04140625
1 0.33671875 0.12890625 0.02578125 0.04140625
1 0.3296875 0.08515625 0.02109375 0.02890625
1 0.325 0.05625 0.01171875 0.02109375
1 0.39453125 0.11015625 0.0328125 0.0375