1 0.48828125 0.51875 0.0609375 0.15390625
1 0.484375 0.78359375 0.09609375 0.25859375
1 0.20546875 0.93125 0.11484375 0.12890625
1 0.46953125 0.35625 0.046875 0.10390625
1 0.34296875 0.22109375 0.0375 0.075
1 0.29375 0.12109375 0.028125 0.04140625
1 0.33359375 0.11875 0.0234375 0.0375
1 0.2828125 0.20390625 0.03984375 0.1
1 0.4375 0.21875 0.04453125 0.0875
1 0.23125 0.44609375 0.08203125 0.175
1 0.23828125 0.15390625 0.03046875 0.05859375
1 0.3921875 0.13125 0.028125 0.04609375
1 0.3734375 0.09375 0.028125 0.04609375
1 0.32734375 0.07109375 0.02109375 0.04140625
1 0.3203125 0.025 0.01640625 0.01640625
1 0.25234375 0.13984375 0.01640625 0.04609375
1 0.3203125 0.04375 0.01640625 0.02890625
1 0.4140625 0.17265625 0.03515625 0.0625
1 0.29609375 0.08984375 0.01875 0.02890625
1 0.36640625 0.07265625 0.0140625 0.02890625
0 0.32734375 0.39765625 0.08203125 0.27109375