1 0.4859375 0.77890625 0.09375 0.25859375
1 0.4671875 0.34140625 0.046875 0.1
1 0.4859375 0.50390625 0.0609375 0.15
1 0.34296875 0.2 0.0375 0.075
1 0.434375 0.2125 0.0421875 0.08359375
1 0.29453125 0.1125 0.02578125 0.04140625
1 0.33203125 0.1125 0.02109375 0.03359375
1 0.2515625 0.38515625 0.0703125 0.15390625
1 0.28515625 0.1875 0.03984375 0.09140625
1 0.325 0.06640625 0.02109375 0.04140625
1 0.23828125 0.15390625 0.03046875 0.05859375
1 0.4109375 0.16484375 0.0328125 0.0625
1 0.3921875 0.12734375 0.028125 0.04609375
1 0.2875 0.05 0.01640625 0.03359375
1 0.31953125 0.02109375 0.01875 0.025
1 0.2078125 0.92265625 0.10546875 0.14609375
1 0.240625 0.81484375 0.10078125 0.17109375
1 0.29609375 0.075 0.01875 0.03359375
1 0.25390625 0.13984375 0.0140625 0.04609375
1 0.22265625 0.8625 0.1359375 0.26640625
1 0.3734375 0.09609375 0.028125 0.04140625
0 0.33203125 0.36015625 0.07265625 0.24609375