2 0.24609375 0.71171875 0.2234375 0.5421875
1 0.48359375 0.7875 0.09609375 0.2640625
1 0.49453125 0.56484375 0.08046875 0.18515625
1 0.47265625 0.41328125 0.06796875 0.13671875
1 0.3375 0.3296875 0.0640625 0.12109375
2 0.2484375 0.33515625 0.07421875 0.1734375
1 0.45703125 0.26796875 0.07109375 0.10390625
1 0.4234375 0.19375 0.03828125 0.0671875
1 0.30234375 0.184375 0.04375 0.07109375
1 0.340625 0.16484375 0.02890625 0.046875
1 0.403125 0.15234375 0.034375 0.05
1 0.24140625 0.15703125 0.034375 0.0671875
1 0.29609375 0.121875 0.0234375 0.034375