1 0.87890625 0.56015625 0.10078125 0.1625
1 0.12109375 0.71640625 0.13359375 0.24140625
1 0.2890625 0.22734375 0.0328125 0.07109375
1 0.23828125 0.15859375 0.03046875 0.05859375
1 0.2921875 0.12265625 0.02578125 0.04609375
1 0.48359375 0.61875 0.075 0.19609375
1 0.2609375 0.31015625 0.046875 0.0875
1 0.3171875 0.56484375 0.075 0.1625
1 0.43515625 0.23984375 0.03984375 0.07109375
1 0.33671875 0.32109375 0.04453125 0.10859375
1 0.40703125 0.17265625 0.03046875 0.04609375
1 0.21015625 0.45625 0.07734375 0.15390625
1 0.4859375 0.45859375 0.065625 0.16640625
1 0.35234375 0.05859375 0.01875 0.025
1 0.34765625 0.23125 0.0375 0.0875
1 0.75703125 0.95859375 0.18515625 0.075
1 0.3875 0.13125 0.028125 0.0375
1 0.46953125 0.34609375 0.065625 0.125
1 0.34765625 0.02109375 0.01875 0.025
1 0.33359375 0.11640625 0.0234375 0.04140625
1 0.3734375 0.1 0.0234375 0.04140625
1 0.340625 0.15390625 0.028125 0.06640625
1 0.33671875 0.00859375 0.01640625 0.01640625