1 0.12578125 0.67109375 0.12421875 0.21640625
1 0.30390625 0.53515625 0.07265625 0.1625
1 0.23828125 0.15390625 0.03046875 0.05859375
1 0.49140625 0.45390625 0.06328125 0.14140625
1 0.34296875 0.29765625 0.0421875 0.0875
1 0.51328125 0.88984375 0.10546875 0.2125
1 0.33828125 0.11015625 0.0234375 0.0375
1 0.40859375 0.16875 0.0328125 0.05390625
1 0.321875 0.0375 0.01875 0.025
1 0.38359375 0.1125 0.03046875 0.05
1 0.2828125 0.18125 0.03984375 0.07109375
1 0.3265625 0.07109375 0.01875 0.03359375
1 0.28984375 0.12734375 0.02578125 0.0375
1 0.20859375 0.44609375 0.09375 0.15
1 0.4421875 0.29140625 0.04921875 0.08359375
1 0.23125 0.36640625 0.07734375 0.10859375