1 0.4296875 0.22734375 0.0375 0.0625
1 0.3390625 0.14609375 0.03046875 0.05859375
1 0.3265625 0.06015625 0.01875 0.0375
1 0.23828125 0.15390625 0.03046875 0.05859375
1 0.28515625 0.525 0.07734375 0.15859375
1 0.28984375 0.21015625 0.03515625 0.07109375
1 0.4671875 0.41484375 0.0515625 0.12109375
1 0.29140625 0.10390625 0.0234375 0.04140625
1 0.259375 0.31015625 0.04921875 0.0875
1 0.359375 0.04375 0.01875 0.02890625
1 0.29140625 0.02109375 0.0140625 0.01640625
1 0.3203125 0.01875 0.01640625 0.02109375
1 0.3078125 0.00625 0.0140625 0.0125