1 0.2296875 0.91015625 0.1265625 0.17109375
1 0.2828125 0.2125 0.03515625 0.075
1 0.02734375 0.9625 0.05390625 0.06640625
1 0.23671875 0.15625 0.0375 0.05390625
1 0.31796875 0.44609375 0.06328125 0.15859375
1 0.48359375 0.61875 0.075 0.19609375
1 0.2296875 0.41640625 0.0609375 0.11640625
1 0.2703125 0.325 0.046875 0.09140625
1 0.41328125 0.19375 0.0328125 0.04609375
1 0.484375 0.45625 0.06796875 0.1625
1 0.3546875 0.0375 0.01875 0.025
1 0.34765625 0.21484375 0.0328125 0.0625
1 0.34609375 0.30234375 0.04453125 0.10390625
1 0.4375 0.25234375 0.03515625 0.07109375
1 0.46953125 0.34375 0.065625 0.12109375
1 0.13046875 0.64609375 0.11953125 0.225
1 0.34765625 0.07734375 0.0234375 0.0375
1 0.3359375 0.13515625 0.0234375 0.04609375
1 0.34375 0.16640625 0.03046875 0.05
1 0.778125 0.97890625 0.10546875 0.03359375
1 0.3390625 0.01484375 0.01640625 0.02890625
1 0.37890625 0.11875 0.02578125 0.04609375
1 0.396875 0.15234375 0.028125 0.04609375
2 0.3171875 0.02890625 0.028125 0.0578125