1 0.490625 0.57734375 0.0703125 0.17109375
1 0.28515625 0.13984375 0.02578125 0.0375
1 0.3203125 0.35 0.04921875 0.09140625
1 0.23828125 0.15625 0.03046875 0.05390625
1 0.15703125 0.59609375 0.1078125 0.21640625
1 0.28046875 0.2125 0.03515625 0.06640625
1 0.8921875 0.48515625 0.103125 0.15390625
1 0.47734375 0.39609375 0.04921875 0.10859375
1 0.45078125 0.29140625 0.046875 0.08359375
1 0.42109375 0.17890625 0.03515625 0.06640625
1 0.34296875 0.1625 0.028125 0.04140625
1 0.37890625 0.10625 0.02578125 0.0375
1 0.39765625 0.13984375 0.03046875 0.0375
1 0.3171875 0.02265625 0.0140625 0.02109375
1 0.3484375 0.02265625 0.01640625 0.02109375
1 0.36640625 0.075 0.0234375 0.04140625
1 0.3578125 0.04609375 0.01640625 0.025
1 0.31484375 0.00625 0.0140625 0.0125
1 0.321875 0.05234375 0.01875 0.02890625
1 0.33671875 0.10390625 0.02578125 0.05
1 0.34140625 0.13984375 0.01640625 0.02109375
1 0.33125 0.075 0.0234375 0.03359375
1 0.29609375 0.00859375 0.0046875 0.01640625
1 0.296875 0.25859375 0.01640625 0.05859375