1 0.48671875 0.77265625 0.09140625 0.25390625
1 0.34140625 0.1875 0.03515625 0.06640625
1 0.46484375 0.32734375 0.046875 0.09609375
1 0.484375 0.48984375 0.05859375 0.14609375
1 0.23828125 0.15390625 0.03046875 0.05859375
1 0.43203125 0.20625 0.0421875 0.07890625
1 0.29375 0.10625 0.0234375 0.0375
1 0.40859375 0.16015625 0.0328125 0.0625
1 0.33125 0.10625 0.0234375 0.0375
1 0.325 0.06484375 0.02109375 0.0375
1 0.25390625 0.77890625 0.1171875 0.275
1 0.390625 0.12734375 0.02578125 0.0375
1 0.28515625 0.17265625 0.03984375 0.0875
1 0.28984375 0.04609375 0.02109375 0.03359375
1 0.31953125 0.01640625 0.01875 0.025
1 0.37421875 0.09765625 0.02578125 0.0375
1 0.29375 0.075 0.01875 0.03359375
0 0.3359375 0.33359375 0.065625 0.225
0 0.2609375 0.35 0.0609375 0.13359375