1 0.4984375 0.54375 0.06796875 0.17890625
1 0.2203125 0.46015625 0.0796875 0.12890625
1 0.396875 0.12890625 0.028125 0.05
1 0.23671875 0.15859375 0.0328125 0.05859375
1 0.0390625 0.92890625 0.07734375 0.13359375
1 0.2921875 0.11015625 0.02578125 0.0375
1 0.31484375 0.01015625 0.0140625 0.0203125
1 0.3546875 0.04140625 0.01875 0.025
1 0.29140625 0.06875 0.01875 0.02890625
1 0.33828125 0.01015625 0.0171875 0.0203125
1 0.4578125 0.33359375 0.0234375 0.05859375
1 0.3359375 0.14140625 0.0328125 0.05
0 0.26796875 0.6375 0.13125 0.36640625