1 0.23828125 0.15390625 0.03046875 0.05859375
1 0.490625 0.58125 0.075 0.19609375
1 0.28203125 0.68125 0.0984375 0.22109375
1 0.47734375 0.37890625 0.05390625 0.10859375
1 0.3921875 0.13125 0.028125 0.04609375
1 0.3671875 0.0625 0.02109375 0.04140625
1 0.4328125 0.23125 0.03984375 0.0625
1 0.453125 0.29140625 0.046875 0.08359375
1 0.315625 0.00859375 0.01171875 0.01640625
1 0.34375 0.02734375 0.01640625 0.02890625
1 0.33125 0.10859375 0.0234375 0.03359375
1 0.34375 0.24140625 0.04921875 0.075
1 0.353125 0.04609375 0.01171875 0.025
1 0.41640625 0.1875 0.03046875 0.05
0 0.3390625 0.2 0.05859375 0.15859375