1 0.4859375 0.64375 0.0796875 0.19609375
1 0.471875 0.39140625 0.0515625 0.10859375
1 0.23828125 0.15390625 0.03046875 0.05859375
1 0.07421875 0.81640625 0.14765625 0.30859375
1 0.44375 0.2625 0.0421875 0.075
1 0.321875 0.04375 0.01875 0.0375
1 0.2890625 0.11640625 0.028125 0.06640625
1 0.41875 0.17890625 0.03984375 0.075
1 0.3296875 0.45234375 0.06328125 0.1375
1 0.32734375 0.08359375 0.02109375 0.025
1 0.29375 0.07265625 0.01875 0.0375
1 0.3875 0.11875 0.0234375 0.0375
1 0.33828125 0.125 0.028125 0.04140625
1 0.4 0.14609375 0.02578125 0.05859375
1 0.2875 0.21640625 0.03984375 0.09140625
1 0.371875 0.0875 0.02578125 0.05859375
1 0.29140625 0.03125 0.0140625 0.02890625
0 0.34296875 0.225 0.0515625 0.15859375