1 0.36640625 0.08125 0.0234375 0.0375
1 0.40234375 0.14375 0.03046875 0.04609375
1 0.23671875 0.16015625 0.0328125 0.0625
1 0.32734375 0.09609375 0.02109375 0.05
1 0.2890625 0.19765625 0.0328125 0.0625
1 0.2890625 0.08359375 0.01875 0.03359375
1 0.465625 0.36484375 0.04921875 0.12109375
1 0.3203125 0.275 0.03984375 0.05
1 0.33828125 0.00859375 0.0140625 0.01640625
1 0.3171875 0.01640625 0.0140625 0.01640625
1 0.29140625 0.02109375 0.0140625 0.01640625
1 0.30546875 0.00390625 0.0109375 0.0078125
0 0.31953125 0.38984375 0.0703125 0.19609375
0 0.48828125 0.91640625 0.15 0.15859375