1 0.484375 0.7875 0.09609375 0.25859375
1 0.34140625 0.22890625 0.03515625 0.06640625
1 0.340625 0.14140625 0.028125 0.05859375
1 0.2828125 0.26484375 0.04453125 0.07890625
1 0.490625 0.56015625 0.065625 0.1625
1 0.47890625 0.42734375 0.0515625 0.12109375
1 0.29140625 0.17890625 0.028125 0.05
1 0.29140625 0.12109375 0.028125 0.05
1 0.4625 0.29765625 0.0515625 0.1125
1 0.4109375 0.18125 0.028125 0.05390625
1 0.43984375 0.23359375 0.03984375 0.08359375
1 0.28515625 0.55859375 0.09609375 0.20859375
1 0.33125 0.08984375 0.0234375 0.0375
1 0.38359375 0.12265625 0.02578125 0.0375
1 0.2390625 0.15390625 0.0328125 0.05859375
1 0.325 0.05234375 0.01640625 0.02890625
1 0.3125 0.00390625 0.015625 0.0078125
1 0.34296875 0.01015625 0.0140625 0.0203125
1 0.371875 0.08125 0.02109375 0.0375
1 0.9390625 0.50625 0.065625 0.07109375
1 0.25390625 0.14609375 0.0140625 0.04140625
0 0.1171875 0.675 0.159375 0.34140625