1 0.3453125 0.22109375 0.0375 0.06640625
1 0.23828125 0.15390625 0.03046875 0.05859375
1 0.5109375 0.7125 0.08671875 0.25
1 0.0296875 0.92890625 0.05859375 0.13359375
1 0.34140625 0.13359375 0.02578125 0.05
1 0.2890625 0.11875 0.0234375 0.04609375
1 0.33359375 0.37109375 0.05625 0.13359375
1 0.2703125 0.75625 0.1171875 0.29609375
1 0.47734375 0.36484375 0.06328125 0.17109375
1 0.4015625 0.13984375 0.0375 0.0625
1 0.41640625 0.19609375 0.03515625 0.05859375
1 0.44453125 0.30234375 0.03515625 0.07890625
1 0.2890625 0.07109375 0.01875 0.03359375
1 0.22890625 0.40390625 0.06796875 0.11640625
1 0.31328125 0.04375 0.02109375 0.0375
1 0.43203125 0.24375 0.0375 0.07109375
1 0.3765625 0.09375 0.02109375 0.0375
1 0.3671875 0.07890625 0.02109375 0.03359375
1 0.31484375 0.00859375 0.0140625 0.01640625
1 0.359375 0.05390625 0.0140625 0.03359375
1 0.29140625 0.02890625 0.0140625 0.01640625
1 0.38984375 0.11875 0.0234375 0.05390625