1 0.08125 0.76484375 0.14296875 0.25390625
1 0.7640625 0.8125 0.12890625 0.3
1 0.25859375 0.375 0.0609375 0.1
1 0.2828125 0.75 0.10546875 0.26640625
1 0.2828125 0.24609375 0.03984375 0.075
1 0.340625 0.4 0.05625 0.11640625
1 0.23828125 0.15390625 0.03046875 0.05859375
1 0.484375 0.61875 0.07265625 0.19609375
1 0.484375 0.45390625 0.06796875 0.16640625
1 0.28984375 0.12734375 0.02578125 0.04609375
1 0.2890625 0.075 0.01875 0.04140625
1 0.36015625 0.05 0.02109375 0.03359375
1 0.34375 0.20390625 0.03984375 0.10859375
1 0.3296875 0.08515625 0.02109375 0.04609375
1 0.3453125 0.02265625 0.0140625 0.02109375
1 0.2921875 0.03515625 0.01640625 0.02890625
1 0.334375 0.11015625 0.02578125 0.04609375
1 0.32265625 0.04375 0.01640625 0.02890625
2 0.45625 0.27734375 0.06796875 0.14609375