1 0.1640625 0.58125 0.103125 0.17890625
1 0.2390625 0.15390625 0.0328125 0.05859375
1 0.340625 0.22109375 0.0375 0.06640625
1 0.49609375 0.50625 0.05859375 0.14609375
1 0.415625 0.21875 0.0375 0.0625
1 0.33359375 0.37109375 0.046875 0.10859375
1 0.4625 0.3125 0.0515625 0.1
1 0.06015625 0.87890625 0.11953125 0.23359375
1 0.3203125 0.02734375 0.01640625 0.02890625
1 0.28984375 0.09140625 0.02109375 0.03359375
1 0.2875 0.14609375 0.03046875 0.06640625
1 0.39296875 0.13359375 0.02578125 0.05
1 0.33359375 0.08359375 0.01875 0.025
1 0.37421875 0.09140625 0.02578125 0.04140625
1 0.225 0.89140625 0.1359375 0.20859375
1 0.325 0.05625 0.01640625 0.02890625
1 0.2453125 0.32265625 0.06796875 0.0875
1 0.22734375 0.4 0.0890625 0.14140625