1 0.340625 0.22265625 0.0328125 0.0625
1 0.48359375 0.45625 0.0609375 0.12890625
1 0.46484375 0.31875 0.046875 0.0875
1 0.2875 0.11015625 0.02578125 0.04609375
1 0.33359375 0.13359375 0.028125 0.05859375
1 0.23828125 0.15390625 0.03046875 0.05859375
1 0.4375 0.24375 0.03984375 0.0625
1 0.35078125 0.03984375 0.02109375 0.0375
1 0.515625 0.84375 0.10078125 0.30390625
1 0.36875 0.08359375 0.0234375 0.04140625
1 0.29375 0.05859375 0.01875 0.03359375
1 0.39921875 0.12890625 0.028125 0.05859375
1 0.3828125 0.11015625 0.01875 0.0375
1 0.315625 0.03515625 0.01640625 0.02109375
1 0.31484375 0.0125 0.0140625 0.01640625
1 0.4140625 0.1875 0.03515625 0.05859375
1 0.29140625 0.02265625 0.0140625 0.02109375
1 0.3359375 0.00390625 0.0125 0.0078125
1 0.40703125 0.18125 0.02109375 0.04609375