1 0.82265625 0.6875 0.12421875 0.225
1 0.3953125 0.15 0.03046875 0.05
1 0.2796875 0.22265625 0.0328125 0.0625
1 0.19453125 0.5125 0.084375 0.15859375
1 0.446875 0.25390625 0.03984375 0.075
1 0.33828125 0.19765625 0.0328125 0.07109375
1 0.23671875 0.16015625 0.0328125 0.0625
1 0.30625 0.5 0.07265625 0.15859375
1 0.28984375 0.08984375 0.02109375 0.02890625
1 0.48828125 0.60234375 0.075 0.20390625
1 0.325 0.06640625 0.02109375 0.03359375
1 0.35546875 0.05 0.01640625 0.025
1 0.3484375 0.03359375 0.01171875 0.025
1 0.3171875 0.04140625 0.01875 0.025
1 0.33046875 0.00390625 0.0140625 0.0078125
1 0.31015625 0.00390625 0.0109375 0.0078125
0 0.22734375 0.78125 0.159375 0.42890625