1 0.34140625 0.1875 0.03046875 0.05859375
1 0.334375 0.31015625 0.04453125 0.09609375
1 0.0703125 0.84140625 0.140625 0.3
1 0.23828125 0.15390625 0.03046875 0.05859375
1 0.30078125 0.56484375 0.0890625 0.22109375
1 0.2875 0.125 0.03046875 0.06640625
1 0.4140625 0.18359375 0.03515625 0.05
1 0.2921875 0.03984375 0.01640625 0.02890625
1 0.45625 0.26015625 0.04453125 0.09609375
1 0.4703125 0.38125 0.05390625 0.1125
1 0.48828125 0.51015625 0.05625 0.14609375
1 0.378125 0.10625 0.028125 0.05390625
1 0.4015625 0.14375 0.0328125 0.05390625
1 0.3203125 0.03515625 0.01640625 0.02890625
1 0.3265625 0.06484375 0.01875 0.02109375
1 0.34765625 0.02265625 0.0140625 0.02890625
1 0.50390625 0.81640625 0.09609375 0.28359375
1 0.3640625 0.05234375 0.01875 0.02890625
1 0.45625 0.32265625 0.02109375 0.02890625
1 0.3296875 0.10234375 0.02109375 0.0375
1 0.371875 0.07734375 0.02109375 0.02890625
1 0.31484375 0.00625 0.0140625 0.0125
1 0.7796875 0.98984375 0.1171875 0.0125