1 0.27734375 0.7375 0.1078125 0.25
1 0.284375 0.22109375 0.0328125 0.05859375
1 0.49609375 0.58125 0.07265625 0.1875
1 0.34375 0.3 0.03984375 0.08359375
1 0.23828125 0.15390625 0.03046875 0.05859375
1 0.32421875 0.05625 0.0234375 0.04609375
1 0.34609375 0.18515625 0.03046875 0.0625
1 0.33828125 0.12734375 0.0234375 0.04609375
1 0.47265625 0.31640625 0.04921875 0.10859375
1 0.28671875 0.07109375 0.0234375 0.03359375
1 0.35546875 0.04609375 0.01640625 0.03359375
1 0.315625 0.00859375 0.01171875 0.01640625
1 0.4140625 0.17890625 0.03515625 0.05859375
1 0.38828125 0.12890625 0.03515625 0.05859375
1 0.3734375 0.07890625 0.0234375 0.03359375
1 0.2921875 0.04375 0.01640625 0.02109375
1 0.29375 0.01015625 0.0125 0.0203125
1 0.36640625 0.06015625 0.0234375 0.02890625
1 0.43515625 0.23125 0.03984375 0.07109375