1 0.3359375 0.14765625 0.028125 0.05390625
1 0.23671875 0.15859375 0.0328125 0.05859375
1 0.2890625 0.1875 0.0328125 0.05859375
1 0.32734375 0.08984375 0.02109375 0.0375
1 0.38046875 0.09765625 0.0234375 0.0375
1 0.453125 0.27890625 0.0421875 0.075
1 0.3546875 0.04375 0.01875 0.02890625
1 0.41171875 0.16484375 0.02578125 0.0375
1 0.31953125 0.025 0.01875 0.03359375
1 0.29375 0.03984375 0.01875 0.02109375
1 0.29375 0.01875 0.0140625 0.02109375
1 0.33828125 0.00390625 0.0140625 0.0078125
1 0.4046875 0.14765625 0.02109375 0.0375
0 0.178125 0.56015625 0.0984375 0.20390625
0 0.3390625 0.2875 0.04921875 0.14140625