1 0.23828125 0.15625 0.03515625 0.05390625
1 0.215625 0.95625 0.1125 0.07890625
1 0.28203125 0.23359375 0.0375 0.075
1 0.934375 0.46484375 0.084375 0.12109375
1 0.3109375 0.47890625 0.07265625 0.15859375
1 0.11640625 0.67890625 0.12421875 0.24140625
1 0.225 0.43125 0.065625 0.12109375
1 0.48359375 0.61875 0.075 0.19609375
1 0.34609375 0.08515625 0.02109375 0.0375
1 0.26875 0.33984375 0.04921875 0.09609375
1 0.4140625 0.19375 0.03046875 0.04609375
1 0.3484375 0.22109375 0.03515625 0.06640625
1 0.484375 0.45625 0.06796875 0.1625
1 0.3359375 0.1375 0.0234375 0.04140625
1 0.3453125 0.31484375 0.046875 0.1125
1 0.43671875 0.25234375 0.0328125 0.07109375
1 0.3453125 0.17265625 0.0328125 0.05390625
1 0.46953125 0.34375 0.065625 0.12109375
1 0.35703125 0.04375 0.01875 0.02109375
1 0.38125 0.12265625 0.02578125 0.04609375
1 0.3453125 0.025 0.01875 0.01640625
1 0.39921875 0.15859375 0.028125 0.04140625