1 0.22734375 0.91015625 0.1265625 0.17109375
1 0.2078125 0.5 0.08671875 0.14140625
1 0.3125 0.5625 0.075 0.15859375
1 0.453125 0.31484375 0.046875 0.10390625
1 0.23828125 0.15625 0.03046875 0.05390625
1 0.3484375 0.23359375 0.03515625 0.06640625
1 0.28984375 0.04375 0.02109375 0.0375
1 0.43203125 0.23125 0.0421875 0.07109375
1 0.35 0.33984375 0.046875 0.10390625
1 0.371875 0.08515625 0.02109375 0.02890625
1 0.32734375 0.41484375 0.05859375 0.1375
1 0.34609375 0.18125 0.03046875 0.05390625
1 0.40703125 0.16640625 0.03515625 0.05
1 0.33828125 0.1375 0.028125 0.05859375
1 0.3875 0.125 0.01875 0.04140625
1 0.28515625 0.175 0.03046875 0.05859375
1 0.359375 0.05 0.01875 0.03359375