1 0.47265625 0.41015625 0.05390625 0.1125
1 0.32890625 0.475 0.0609375 0.13359375
1 0.1984375 0.95859375 0.11484375 0.075
1 0.23828125 0.15390625 0.03046875 0.05859375
1 0.4234375 0.23125 0.04453125 0.07890625
1 0.2796875 0.26640625 0.0421875 0.06640625
1 0.33203125 0.34140625 0.04921875 0.11640625
1 0.2921875 0.12890625 0.02578125 0.04140625
1 0.05390625 0.86484375 0.1078125 0.2625
1 0.4046875 0.16484375 0.03515625 0.05390625
1 0.34765625 0.20625 0.0328125 0.0625
1 0.315625 0.00859375 0.01640625 0.01640625
1 0.29140625 0.05625 0.01875 0.02890625
1 0.30859375 0.64375 0.09140625 0.20390625
1 0.36953125 0.07890625 0.01640625 0.03359375
1 0.3875 0.10390625 0.028125 0.06640625
1 0.35 0.27109375 0.0375 0.08359375
1 0.34140625 0.15625 0.03046875 0.04609375
1 0.35546875 0.04609375 0.01640625 0.025
1 0.3453125 0.01875 0.0140625 0.02109375
1 0.29140625 0.01015625 0.0140625 0.0203125
1 0.334375 0.11484375 0.02578125 0.04609375
1 0.325 0.05390625 0.01640625 0.03359375