1 0.49609375 0.62109375 0.07265625 0.20859375
1 0.3359375 0.15 0.028125 0.05
1 0.4234375 0.21640625 0.03984375 0.06640625
1 0.0609375 0.86640625 0.121875 0.25859375
1 0.37890625 0.09765625 0.02578125 0.04609375
1 0.47265625 0.34765625 0.05390625 0.10390625
1 0.33671875 0.26484375 0.03984375 0.07890625
1 0.3484375 0.03125 0.01640625 0.02890625
1 0.315625 0.00859375 0.01640625 0.01640625
1 0.2875 0.1375 0.02578125 0.04140625
1 0.23671875 0.15859375 0.0328125 0.05859375
1 0.28984375 0.02109375 0.01171875 0.01640625