1 0.42734375 0.23359375 0.0375 0.05859375
1 0.23671875 0.15625 0.0375 0.05390625
1 0.47421875 0.38359375 0.05625 0.10859375
1 0.32890625 0.4125 0.05625 0.11640625
1 0.17734375 0.575 0.09609375 0.2
1 0.25625 0.3375 0.05625 0.1
1 0.05078125 0.91015625 0.10078125 0.17109375
1 0.23203125 0.85234375 0.121875 0.27890625
1 0.4046875 0.175 0.03515625 0.05
1 0.31953125 0.03359375 0.01875 0.025
1 0.35546875 0.04609375 0.02109375 0.025
1 0.29140625 0.07890625 0.0328125 0.05859375
1 0.3125 0.01015625 0.0140625 0.0125
1 0.38359375 0.11640625 0.02578125 0.03359375
1 0.48671875 0.60859375 0.09140625 0.16640625
1 0.38828125 0.14140625 0.02578125 0.03359375
1 0.29140625 0.01875 0.0140625 0.02109375
1 0.35 0.02734375 0.0140625 0.02109375
1 0.37109375 0.07109375 0.01875 0.025
1 0.32421875 0.07265625 0.01875 0.02109375
2 0.340625 0.17265625 0.05625 0.1625