1 0.240625 0.15625 0.03046875 0.05390625
1 0.33203125 0.08984375 0.02109375 0.0375
1 0.40703125 0.14765625 0.03046875 0.05390625
1 0.3390625 0.15625 0.02578125 0.05390625
1 0.3265625 0.26640625 0.0375 0.075
1 0.37578125 0.08984375 0.0234375 0.0375
1 0.29140625 0.11015625 0.028125 0.0625
1 0.34765625 0.01640625 0.0140625 0.025
1 0.2921875 0.05390625 0.01640625 0.025
1 0.3078125 0.425 0.0515625 0.08359375
1 0.31484375 0.00390625 0.0140625 0.0078125
1 0.29375 0.02734375 0.0140625 0.02109375
1 0.3125 0.37734375 0.0375 0.05390625
1 0.321875 0.02265625 0.01875 0.02109375
1 0.32265625 0.02890625 0.01640625 0.03359375