1 0.2984375 0.49609375 0.075 0.15
1 0.484375 0.54375 0.06328125 0.1625
1 0.240625 0.15390625 0.03984375 0.05859375
1 0.475 0.35234375 0.05859375 0.12890625
1 0.378125 0.10859375 0.0234375 0.04140625
1 0.42734375 0.21875 0.0375 0.0625
1 0.93515625 0.49140625 0.09140625 0.125
1 0.4109375 0.18359375 0.0421875 0.05859375
1 0.45390625 0.27734375 0.04453125 0.09609375
1 0.32734375 0.07265625 0.02578125 0.0375
1 0.3953125 0.14765625 0.02109375 0.0375
1 0.3546875 0.04375 0.01875 0.02890625
1 0.3625 0.06875 0.02109375 0.0375
1 0.3171875 0.01015625 0.03125 0.0203125