1 0.4859375 0.71015625 0.084375 0.22890625
1 0.31015625 0.54375 0.075 0.17109375
1 0.4515625 0.2875 0.04453125 0.08359375
1 0.2828125 0.25859375 0.04453125 0.1
1 0.2390625 0.15390625 0.0328125 0.05859375
1 0.28671875 0.13359375 0.0328125 0.075
1 0.340625 0.14765625 0.0328125 0.05390625
1 0.4234375 0.1875 0.03984375 0.075
1 0.47734375 0.42734375 0.05390625 0.12109375
1 0.32890625 0.08984375 0.01875 0.02890625
1 0.29375 0.08515625 0.0234375 0.0375
1 0.40234375 0.15 0.02578125 0.05859375
1 0.3875 0.12109375 0.0234375 0.04140625
1 0.37578125 0.10234375 0.0234375 0.02890625
1 0.32265625 0.05234375 0.01640625 0.0375
0 0.34140625 0.25859375 0.05859375 0.18359375