1 0.15703125 0.63359375 0.1125 0.20859375
1 0.3296875 0.49765625 0.06328125 0.1375
1 0.2921875 0.2 0.03515625 0.06640625
1 0.23671875 0.15625 0.0328125 0.05390625
1 0.2984375 0.10234375 0.0234375 0.04609375
1 0.26875 0.28125 0.03984375 0.07890625
1 0.48359375 0.61875 0.075 0.19609375
1 0.928125 0.48515625 0.09140625 0.1375
1 0.34140625 0.29609375 0.04453125 0.1
1 0.4328125 0.23359375 0.03984375 0.06640625
1 0.22890625 0.41015625 0.06796875 0.1375
1 0.40390625 0.16640625 0.028125 0.04140625
1 0.31328125 0.0125 0.02109375 0.025
1 0.484375 0.45859375 0.06796875 0.16640625
1 0.3859375 0.12265625 0.02578125 0.0375
1 0.34609375 0.21875 0.03515625 0.07890625
1 0.35 0.05 0.01875 0.025
1 0.46953125 0.34609375 0.065625 0.125
1 0.33203125 0.10859375 0.02109375 0.04140625
1 0.34609375 0.01640625 0.01640625 0.025
1 0.02734375 0.9375 0.05390625 0.11640625
1 0.36953125 0.09609375 0.02109375 0.03359375
1 0.3390625 0.13984375 0.03046875 0.0375
1 0.34140625 0.16015625 0.03046875 0.0375
1 0.4609375 0.26875 0.04921875 0.05390625
1 0.33515625 0.00390625 0.0140625 0.0078125
0 0.76875 0.84140625 0.18984375 0.30859375