1 0.23828125 0.15390625 0.03046875 0.05859375
1 0.19609375 0.5125 0.08671875 0.15859375
1 0.5109375 0.63515625 0.07265625 0.19609375
1 0.215625 0.91640625 0.1265625 0.15859375
1 0.3453125 0.3125 0.0421875 0.08359375
1 0.48125 0.4 0.05625 0.125
1 0.415625 0.175 0.0328125 0.05
1 0.33125 0.10859375 0.0234375 0.04140625
1 0.31015625 0.47265625 0.0890625 0.1875
1 0.44609375 0.27265625 0.05625 0.09609375
1 0.3953125 0.12109375 0.02578125 0.04140625
1 0.32265625 0.05390625 0.01640625 0.03359375
1 0.2890625 0.08359375 0.028125 0.05859375
1 0.378125 0.0875 0.0234375 0.03359375
1 0.36640625 0.06875 0.01875 0.0375
1 0.33359375 0.00390625 0.0140625 0.0078125
1 0.31640625 0.01015625 0.0140625 0.0203125
1 0.3203125 0.02734375 0.01640625 0.02109375