1 0.89453125 0.53359375 0.103125 0.15
1 0.484375 0.57109375 0.06796875 0.18359375
1 0.28671875 0.175 0.0328125 0.05
1 0.23671875 0.15390625 0.0328125 0.05859375
1 0.33359375 0.1 0.0234375 0.05
1 0.32421875 0.03515625 0.01875 0.02890625
1 0.4578125 0.32109375 0.0421875 0.06640625
1 0.165625 0.57109375 0.09609375 0.175
1 0.33828125 0.25390625 0.0375 0.06640625
1 0.30390625 0.02265625 0.01640625 0.02890625
1 0.2890625 0.04765625 0.01875 0.02890625
1 0.25390625 0.35234375 0.05625 0.12109375
1 0.3734375 0.075 0.0234375 0.04140625
1 0.33359375 0.225 0.0328125 0.04140625
1 0.2484375 0.38125 0.046875 0.0625
1 0.4515625 0.28359375 0.03046875 0.03359375