1 0.23671875 0.15859375 0.0328125 0.05859375
1 0.29140625 0.14140625 0.028125 0.05859375
1 0.38828125 0.11015625 0.02578125 0.04609375
1 0.51171875 0.81875 0.0890625 0.27890625
1 0.175 0.91015625 0.15234375 0.17109375
1 0.29140625 0.06015625 0.01875 0.02890625
1 0.3671875 0.06640625 0.02109375 0.025
1 0.334375 0.11640625 0.02578125 0.04140625
1 0.32265625 0.05859375 0.02109375 0.03359375
1 0.35078125 0.03359375 0.01640625 0.025
1 0.31953125 0.02890625 0.0140625 0.025
1 0.33515625 0.00390625 0.0140625 0.0078125
1 0.33203125 0.08515625 0.02578125 0.0375
1 0.3125 0.00234375 0.0140625 0.00390625
2 0.22265625 0.41875 0.09375 0.2125