1 0.5203125 0.65390625 0.07265625 0.2
1 0.23671875 0.15625 0.0328125 0.05390625
1 0.2921875 0.1375 0.02578125 0.05
1 0.32734375 0.075 0.02109375 0.04140625
1 0.24140625 0.7375 0.1125 0.25
1 0.32734375 0.41484375 0.05859375 0.12109375
1 0.471875 0.32734375 0.0515625 0.09609375
1 0.34140625 0.23515625 0.03984375 0.07109375
1 0.28984375 0.06875 0.02109375 0.02890625
1 0.40859375 0.17265625 0.0328125 0.05390625
1 0.0296875 0.92734375 0.05859375 0.1375
1 0.37578125 0.08515625 0.0234375 0.0375
1 0.3140625 0.00390625 0.01875 0.0078125