1 0.26328125 0.725 0.0984375 0.23359375
1 0.5 0.62265625 0.084375 0.22890625
1 0.32734375 0.06484375 0.02109375 0.0375
1 0.23828125 0.15390625 0.03515625 0.05859375
1 0.334375 0.12265625 0.02578125 0.04609375
1 0.21796875 0.48125 0.084375 0.15390625
1 0.46484375 0.32109375 0.046875 0.1
1 0.28984375 0.0625 0.02109375 0.03359375
1 0.2921875 0.14609375 0.03046875 0.06640625
1 0.340625 0.24765625 0.046875 0.10390625
1 0.41875 0.20390625 0.03984375 0.05859375
1 0.3953125 0.11875 0.03984375 0.07890625
1 0.3171875 0.00859375 0.0140625 0.01640625
1 0.2984375 0.1 0.009375 0.025
1 0.4140625 0.16484375 0.03046875 0.02890625
0 0.07421875 0.80234375 0.14765625 0.3875
0 0.31015625 0.47265625 0.09375 0.27109375