1 0.8859375 0.60390625 0.11015625 0.19140625
1 0.1703125 0.59140625 0.10546875 0.19140625
1 0.32265625 0.49765625 0.06796875 0.1375
1 0.3359375 0.13984375 0.028125 0.04609375
1 0.23828125 0.15390625 0.03046875 0.05859375
1 0.48828125 0.42265625 0.05625 0.1125
1 0.2875 0.13125 0.02578125 0.04609375
1 0.41875 0.19765625 0.04453125 0.07109375
1 0.46015625 0.30859375 0.046875 0.1
1 0.50859375 0.59140625 0.07265625 0.20859375
1 0.24140625 0.8625 0.13125 0.26640625
1 0.26796875 0.30859375 0.046875 0.09140625
1 0.39765625 0.13359375 0.02578125 0.04140625
1 0.31796875 0.02265625 0.01640625 0.02109375
1 0.2890625 0.02734375 0.01875 0.02109375
1 0.3625 0.05859375 0.02109375 0.03359375
1 0.3828125 0.09765625 0.0234375 0.0375
1 0.31484375 0.00390625 0.0140625 0.0078125
1 0.371875 0.07265625 0.02109375 0.02890625
0 0.34296875 0.24375 0.046875 0.09609375