1 0.1921875 0.54609375 0.10859375 0.165625
1 0.3015625 0.6359375 0.08125 0.20625
1 0.4796875 0.628125 0.0609375 0.19453125
1 0.4796875 0.453125 0.04453125 0.16953125
2 0.46796875 0.3015625 0.07109375 0.171875
2 0.34453125 0.28125 0.0671875 0.1453125
1 0.2546875 0.34296875 0.07265625 0.11953125
1 0.234375 0.15546875 0.03984375 0.06015625
1 0.2859375 0.18828125 0.0265625 0.06015625
1 0.34296875 0.184375 0.03125 0.04765625
1 0.28984375 0.125 0.02109375 0.06015625
1 0.340625 0.1390625 0.01640625 0.03203125
1 0.33515625 0.1078125 0.02265625 0.05234375
1 0.3828125 0.09609375 0.0265625 0.04296875
1 0.29375 0.078125 0.0203125 0.034375
1 0.29609375 0.0421875 0.015625 0.03203125
1 0.3578125 0.0546875 0.01953125 0.0390625