1 0.48125 0.45 0.05625 0.125
1 0.484375 0.7375 0.08671875 0.24140625
1 0.45625 0.29765625 0.04453125 0.0875
1 0.2390625 0.15390625 0.0328125 0.05859375
1 0.340625 0.1625 0.0328125 0.05859375
1 0.278125 0.28515625 0.04921875 0.1125
1 0.42578125 0.19140625 0.03984375 0.075
1 0.29375 0.09375 0.0234375 0.0375
1 0.296875 0.60625 0.08671875 0.19609375
1 0.2875 0.14609375 0.03515625 0.08359375
1 0.3296875 0.09609375 0.02109375 0.03359375
1 0.38984375 0.12265625 0.0234375 0.0375
1 0.32421875 0.05625 0.01875 0.0375
1 0.4046875 0.15390625 0.03046875 0.05859375
1 0.28984375 0.04375 0.01640625 0.02890625
1 0.3734375 0.09609375 0.028125 0.04140625
0 0.340625 0.28359375 0.0609375 0.19140625