1 0.23828125 0.15390625 0.03515625 0.05859375
1 0.5 0.64140625 0.084375 0.24140625
1 0.259375 0.75 0.10078125 0.24140625
1 0.33828125 0.14609375 0.028125 0.05
1 0.46796875 0.34375 0.04921875 0.10390625
1 0.19453125 0.53984375 0.0984375 0.17890625
1 0.33828125 0.28125 0.0515625 0.1125
1 0.29140625 0.16875 0.0328125 0.07109375
1 0.29140625 0.07734375 0.01875 0.0375
1 0.33125 0.08125 0.0234375 0.0375
1 0.42578125 0.21484375 0.04453125 0.0875
1 0.31796875 0.0125 0.01640625 0.025
1 0.40390625 0.1375 0.046875 0.08359375
1 0.29921875 0.11640625 0.01171875 0.03359375
1 0.29375 0.0125 0.0140625 0.025
0 0.3078125 0.49140625 0.09375 0.275
0 0.06484375 0.82734375 0.12890625 0.3375