1 0.23828125 0.15390625 0.03046875 0.05859375
1 0.47265625 0.50390625 0.06328125 0.15
1 0.3359375 0.10859375 0.0234375 0.04140625
1 0.34375 0.175 0.02578125 0.05
1 0.40234375 0.1625 0.03984375 0.08359375
1 0.4484375 0.275 0.0421875 0.08359375
1 0.3078125 0.525 0.0796875 0.16640625
1 0.2875 0.175 0.03046875 0.05
1 0.02578125 0.95 0.0515625 0.09140625
1 0.32421875 0.05390625 0.01875 0.03359375
1 0.28203125 0.23125 0.0375 0.0875
1 0.28984375 0.02109375 0.01640625 0.01640625
2 0.159375 0.55390625 0.16875 0.3