1 0.76796875 0.87265625 0.121875 0.24609375
1 0.18203125 0.55234375 0.08671875 0.1625
1 0.04140625 0.88984375 0.08203125 0.2125
1 0.21796875 0.80390625 0.13125 0.34140625
1 0.92109375 0.47265625 0.11015625 0.14609375
1 0.2359375 0.15625 0.03515625 0.05390625
1 0.48359375 0.61875 0.075 0.19609375
1 0.33125 0.43359375 0.0609375 0.15859375
1 0.484375 0.45859375 0.06796875 0.16640625
1 0.24765625 0.40234375 0.06328125 0.12890625
1 0.35 0.28359375 0.0375 0.08359375
1 0.265625 0.3 0.046875 0.1
1 0.3484375 0.21484375 0.03515625 0.0625
1 0.46953125 0.34375 0.065625 0.12109375
1 0.43671875 0.25234375 0.0328125 0.07109375
1 0.36640625 0.06484375 0.01875 0.0375
1 0.415625 0.19765625 0.0328125 0.05390625
1 0.334375 0.11640625 0.02109375 0.04140625
1 0.29140625 0.025 0.0140625 0.025
1 0.3390625 0.16015625 0.02578125 0.04609375
1 0.35 0.04140625 0.01875 0.025
1 0.4015625 0.16640625 0.028125 0.04140625
1 0.3859375 0.13359375 0.02578125 0.05