1 0.434375 0.22109375 0.0421875 0.06640625
1 0.23828125 0.15625 0.03046875 0.05390625
1 0.4984375 0.70390625 0.08671875 0.23359375
1 0.29140625 0.11875 0.0234375 0.0375
1 0.35703125 0.05 0.01875 0.025
1 0.33828125 0.16640625 0.028125 0.04140625
1 0.38359375 0.10390625 0.02578125 0.04140625
1 0.29140625 0.08515625 0.01875 0.02109375
1 0.34375 0.02265625 0.01640625 0.02109375
1 0.3265625 0.08125 0.01875 0.02890625
1 0.33828125 0.00390625 0.0171875 0.0078125
1 0.31484375 0.00625 0.0140625 0.0125
1 0.29140625 0.02265625 0.0140625 0.02109375
1 0.321875 0.02265625 0.009375 0.0125
1 0.31328125 0.025 0.00703125 0.01640625
1 0.3203125 0.05234375 0.01640625 0.0125
1 0.33125 0.125 0.028125 0.04140625
2 0.22734375 0.35859375 0.15 0.34140625