1 0.85546875 0.59375 0.10546875 0.17890625
1 0.11015625 0.69765625 0.1265625 0.22109375
1 0.2828125 0.2 0.03515625 0.05859375
1 0.33203125 0.28125 0.04453125 0.09609375
1 0.490625 0.60234375 0.075 0.19609375
1 0.23671875 0.15390625 0.0328125 0.05859375
1 0.334375 0.1125 0.02578125 0.05
1 0.4609375 0.33359375 0.04921875 0.1
1 0.378125 0.08515625 0.0234375 0.0375
1 0.2890625 0.05625 0.01875 0.02890625
1 0.325 0.04140625 0.01640625 0.03359375
1 0.30390625 0.02734375 0.01640625 0.02890625
1 0.23359375 0.41015625 0.06796875 0.1375
1 0.31328125 0.00234375 0.01640625 0.00390625
1 0.33671875 0.00234375 0.01640625 0.00390625