2 0.2640625 0.659375 0.1140625 0.3453125
2 0.46484375 0.31328125 0.0703125 0.14921875
1 0.08046875 0.846875 0.1609375 0.30625
1 0.48828125 0.62109375 0.0890625 0.18046875
1 0.4921875 0.46328125 0.08359375 0.16640625
1 0.23828125 0.39296875 0.0609375 0.09921875
1 0.3484375 0.3265625 0.0390625 0.09609375
1 0.2765625 0.27265625 0.040625 0.090625
1 0.35 0.23203125 0.03359375 0.07890625
1 0.4265625 0.20234375 0.0390625 0.0703125
1 0.2875 0.1890625 0.0375 0.06171875
1 0.24296875 0.159375 0.03125 0.04453125
1 0.34140625 0.16953125 0.028125 0.0375
1 0.390625 0.11953125 0.03515625 0.0390625
1 0.296875 0.12265625 0.02734375 0.04140625
0 0.83203125 0.57734375 0.315625 0.49140625