1 0.50625 0.55859375 0.07265625 0.18359375
1 0.21015625 0.46640625 0.07734375 0.14140625
1 0.23828125 0.15390625 0.03046875 0.05859375
1 0.34140625 0.2875 0.04453125 0.1
1 0.27734375 0.23125 0.0375 0.0625
1 0.325 0.5 0.06796875 0.175
1 0.025 0.9625 0.04921875 0.06640625
1 0.34140625 0.17890625 0.03046875 0.05859375
1 0.428125 0.24140625 0.03984375 0.05859375
1 0.47421875 0.34765625 0.065625 0.1625
1 0.28984375 0.07890625 0.02109375 0.03359375
1 0.41171875 0.1875 0.03046875 0.05859375
1 0.3953125 0.13125 0.03515625 0.0625
1 0.33828125 0.11875 0.0234375 0.04609375
1 0.44140625 0.29375 0.0328125 0.07890625
1 0.22421875 0.85234375 0.14296875 0.2875
1 0.35546875 0.04375 0.01640625 0.02890625
1 0.28984375 0.04609375 0.01640625 0.025
1 0.49609375 0.89140625 0.09609375 0.20859375
1 0.38515625 0.11015625 0.0234375 0.04609375