1 0.83828125 0.66015625 0.1078125 0.19609375
1 0.08125 0.81640625 0.16171875 0.29140625
1 0.18984375 0.51015625 0.0890625 0.17109375
1 0.2921875 0.14375 0.02578125 0.05390625
1 0.23828125 0.15625 0.03515625 0.05390625
1 0.28671875 0.25234375 0.0375 0.07890625
1 0.48359375 0.61875 0.075 0.19609375
1 0.334375 0.35 0.04921875 0.11640625
1 0.25234375 0.34140625 0.04921875 0.09140625
1 0.30078125 0.65625 0.0890625 0.19609375
1 0.4375 0.24375 0.03984375 0.07109375
1 0.484375 0.45625 0.06796875 0.1625
1 0.409375 0.17890625 0.03046875 0.05
1 0.35234375 0.06015625 0.01875 0.02890625
1 0.46953125 0.34609375 0.065625 0.125
1 0.3484375 0.025 0.01640625 0.025
1 0.31484375 0.01875 0.0234375 0.0375
1 0.3484375 0.25234375 0.03984375 0.0875
1 0.334375 0.12109375 0.02578125 0.04140625
1 0.390625 0.13984375 0.02578125 0.0375
1 0.3765625 0.10390625 0.02578125 0.04140625
1 0.33828125 0.01015625 0.0140625 0.0203125
1 0.34296875 0.18125 0.0328125 0.05390625
1 0.46015625 0.26875 0.046875 0.05390625