1 0.21015625 0.47734375 0.08203125 0.14609375
1 0.33125 0.53515625 0.0703125 0.15390625
1 0.240625 0.84609375 0.11953125 0.26640625
1 0.26875 0.26484375 0.04453125 0.07109375
1 0.340625 0.38515625 0.0515625 0.10390625
1 0.23671875 0.15390625 0.0328125 0.05859375
1 0.4046875 0.17734375 0.03515625 0.0625
1 0.4421875 0.27109375 0.03984375 0.075
1 0.47734375 0.38359375 0.04921875 0.10859375
1 0.525 0.75390625 0.08671875 0.25859375
1 0.38515625 0.1125 0.028125 0.04140625
1 0.3453125 0.17734375 0.0328125 0.05390625
1 0.29375 0.03125 0.0140625 0.02890625
1 0.33828125 0.30859375 0.0375 0.05859375
1 0.37421875 0.08125 0.02578125 0.02890625
1 0.35546875 0.04375 0.01640625 0.02890625
1 0.33671875 0.13359375 0.02578125 0.04140625
1 0.28984375 0.08125 0.02109375 0.02890625
1 0.34765625 0.24140625 0.0375 0.075
1 0.34296875 0.01484375 0.0140625 0.02109375
1 0.33203125 0.09765625 0.02109375 0.0375
1 0.3359375 0.26875 0.0421875 0.05390625
1 0.321875 0.03515625 0.0140625 0.02109375
1 0.37109375 0.05234375 0.0234375 0.02109375
1 0.32890625 0.08515625 0.0234375 0.02109375