1 0.34375 0.19375 0.03046875 0.05390625
1 0.23671875 0.15390625 0.0328125 0.05859375
1 0.23671875 0.41640625 0.065625 0.10859375
1 0.2875 0.125 0.02578125 0.04140625
1 0.49765625 0.84375 0.1265625 0.30390625
1 0.44609375 0.26484375 0.0421875 0.07890625
1 0.34609375 0.28359375 0.03984375 0.08359375
1 0.32890625 0.09140625 0.028125 0.05
1 0.3296875 0.46015625 0.05859375 0.12890625
1 0.2921875 0.02890625 0.01640625 0.025
1 0.29140625 0.07890625 0.01875 0.03359375
1 0.4859375 0.37109375 0.0515625 0.125
1 0.31953125 0.025 0.0140625 0.025
1 0.3953125 0.14375 0.03515625 0.05390625
1 0.3578125 0.05234375 0.01640625 0.02890625
1 0.3859375 0.10625 0.02578125 0.0375
1 0.425 0.2 0.0375 0.06640625
1 0.37578125 0.08359375 0.0234375 0.03359375
1 0.36875 0.06640625 0.0234375 0.025