1 0.29140625 0.65390625 0.0890625 0.2
1 0.07734375 0.83359375 0.1546875 0.28359375
1 0.23828125 0.15390625 0.03046875 0.05859375
1 0.8921875 0.53515625 0.09375 0.14609375
1 0.3265625 0.43359375 0.0609375 0.15
1 0.4578125 0.33984375 0.0515625 0.1125
1 0.35 0.24765625 0.0375 0.07109375
1 0.29140625 0.06484375 0.0234375 0.0375
1 0.28046875 0.24375 0.03984375 0.07109375
1 0.43984375 0.25234375 0.04453125 0.07890625
1 0.34765625 0.19140625 0.0328125 0.05859375
1 0.35 0.35390625 0.046875 0.10859375
1 0.3640625 0.06015625 0.01875 0.0375
1 0.38984375 0.13984375 0.01875 0.04609375
1 0.41171875 0.16484375 0.03984375 0.0875
1 0.37578125 0.09375 0.0234375 0.0375
1 0.3390625 0.14765625 0.02578125 0.05390625
1 0.3203125 0.03984375 0.02109375 0.0375
1 0.3359375 0.00390625 0.015625 0.0078125
1 0.29140625 0.01015625 0.0140625 0.0203125
1 0.3296875 0.06875 0.02109375 0.02890625
1 0.33125 0.11015625 0.0234375 0.04609375