1 0.3015625 0.47265625 0.07734375 0.14609375
1 0.484375 0.49609375 0.06328125 0.15
1 0.23671875 0.15625 0.0328125 0.05390625
1 0.29140625 0.08359375 0.0234375 0.04140625
1 0.3265625 0.06484375 0.0234375 0.05390625
1 0.371875 0.07265625 0.02109375 0.02890625
1 0.2921875 0.02890625 0.01640625 0.025
1 0.31953125 0.03515625 0.01875 0.02890625
1 0.31640625 0.01015625 0.0140625 0.0203125
1 0.3546875 0.03984375 0.01875 0.02109375
1 0.34375 0.01484375 0.01640625 0.02109375
0 0.27734375 0.24375 0.0515625 0.12890625