1 0.1796875 0.92890625 0.13828125 0.13359375
1 0.278125 0.275 0.03984375 0.06640625
1 0.2453125 0.38515625 0.05859375 0.10390625
1 0.23828125 0.15625 0.03046875 0.05390625
1 0.33671875 0.30625 0.03984375 0.0875
1 0.275 0.61875 0.0890625 0.1875
1 0.48203125 0.525 0.06796875 0.16640625
1 0.45390625 0.28984375 0.04921875 0.0875
1 0.38125 0.10859375 0.02578125 0.04140625
1 0.40234375 0.16015625 0.03046875 0.05390625
1 0.33671875 0.19140625 0.03515625 0.06640625
1 0.2921875 0.13515625 0.02578125 0.0375
1 0.33203125 0.12109375 0.02578125 0.04140625
1 0.9140625 0.47890625 0.11484375 0.21640625
1 0.34296875 0.0125 0.0140625 0.01640625
1 0.321875 0.04140625 0.01875 0.025
1 0.28984375 0.06015625 0.02109375 0.02890625
1 0.3296875 0.075 0.02109375 0.03359375
1 0.315625 0.0125 0.01640625 0.01640625
1 0.29140625 0.02109375 0.0140625 0.01640625
1 0.3640625 0.05859375 0.01875 0.025
1 0.29140625 0.09765625 0.0234375 0.0375