1 0.215625 0.95234375 0.1171875 0.0875
1 0.3078125 0.58359375 0.0796875 0.175
1 0.175 0.5875 0.10546875 0.18359375
1 0.28515625 0.19765625 0.03515625 0.0625
1 0.23828125 0.15625 0.03046875 0.05390625
1 0.45546875 0.325 0.0515625 0.10859375
1 0.35078125 0.2375 0.03515625 0.06640625
1 0.43515625 0.23984375 0.04453125 0.07109375
1 0.28984375 0.05234375 0.02109375 0.0375
1 0.32734375 0.42265625 0.05859375 0.1375
1 0.36171875 0.05390625 0.01875 0.03359375
1 0.34609375 0.18359375 0.03046875 0.05
1 0.3734375 0.08984375 0.0234375 0.02890625
1 0.40859375 0.17265625 0.0375 0.05390625
1 0.3484375 0.34609375 0.04921875 0.10859375
1 0.3390625 0.14140625 0.02578125 0.05859375
1 0.3859375 0.12890625 0.01640625 0.04140625
1 0.3203125 0.03515625 0.02109375 0.0375
1 0.94453125 0.47265625 0.07265625 0.10390625
1 0.3296875 0.10625 0.02109375 0.04609375