1 0.4984375 0.66015625 0.08203125 0.22890625
1 0.815625 0.75234375 0.11953125 0.27109375
1 0.30078125 0.16484375 0.0328125 0.05390625
1 0.23671875 0.15859375 0.0328125 0.05859375
1 0.428125 0.21015625 0.03515625 0.07109375
1 0.3484375 0.03359375 0.02109375 0.03359375
1 0.03984375 0.92265625 0.0796875 0.14609375
1 0.371875 0.07734375 0.02109375 0.02890625
1 0.29140625 0.10234375 0.0234375 0.0375
1 0.3390625 0.20390625 0.04453125 0.10859375
1 0.29140625 0.02734375 0.0140625 0.02109375
1 0.31796875 0.025 0.01171875 0.01640625
1 0.31953125 0.04140625 0.0140625 0.01640625
0 0.1703125 0.87109375 0.19453125 0.25