1 0.178125 0.58515625 0.1078125 0.17890625
1 0.28984375 0.68515625 0.09609375 0.22890625
1 0.38359375 0.1 0.02578125 0.04140625
1 0.23828125 0.15625 0.03515625 0.05390625
1 0.484375 0.61875 0.07265625 0.19609375
1 0.25234375 0.36015625 0.06328125 0.1125
1 0.28515625 0.19765625 0.03515625 0.0625
1 0.28515625 0.12890625 0.02578125 0.05
1 0.484375 0.45625 0.06796875 0.1625
1 0.29375 0.04375 0.01875 0.02890625
1 0.34375 0.19140625 0.03046875 0.05
1 0.28984375 0.08125 0.02109375 0.0375
1 0.46953125 0.34140625 0.065625 0.125
1 0.359375 0.05859375 0.01875 0.025
1 0.33359375 0.11484375 0.0234375 0.04609375
1 0.33828125 0.15 0.028125 0.05
1 0.3125 0.00390625 0.0125 0.0078125
2 0.340625 0.28984375 0.046875 0.14609375