1 0.8625 0.57734375 0.11484375 0.17890625
1 0.23828125 0.15625 0.03046875 0.05390625
1 0.21015625 0.475 0.07265625 0.13359375
1 0.071875 0.7875 0.14296875 0.29140625
1 0.48359375 0.61875 0.075 0.19609375
1 0.28671875 0.57734375 0.0890625 0.2125
1 0.259375 0.36484375 0.05390625 0.1125
1 0.3484375 0.24609375 0.03515625 0.075
1 0.2734375 0.275 0.04453125 0.09140625
1 0.34140625 0.35859375 0.04921875 0.125
1 0.484375 0.45625 0.06796875 0.1625
1 0.46953125 0.34375 0.065625 0.12109375
1 0.415625 0.19375 0.0328125 0.05390625
1 0.43671875 0.25390625 0.0328125 0.075
1 0.34765625 0.1875 0.0328125 0.05859375
1 0.36015625 0.05390625 0.02109375 0.025
1 0.4015625 0.16484375 0.028125 0.04609375
1 0.33828125 0.09765625 0.01875 0.0375
1 0.33828125 0.14765625 0.0234375 0.04609375
1 0.38046875 0.12265625 0.01875 0.0375
1 0.321875 0.0625 0.028125 0.025
1 0.34140625 0.0125 0.01640625 0.025
1 0.3453125 0.03359375 0.0140625 0.01640625