1 0.23828125 0.15390625 0.03046875 0.05859375
1 0.33203125 0.40859375 0.05390625 0.11640625
1 0.33203125 0.14140625 0.03046875 0.05859375
1 0.32734375 0.07265625 0.02109375 0.0375
1 0.38046875 0.09375 0.0234375 0.0375
1 0.31796875 0.0125 0.01640625 0.01640625
1 0.2890625 0.05859375 0.01875 0.025
1 0.36015625 0.0625 0.02109375 0.025
1 0.509375 0.86484375 0.103125 0.2625
1 0.28046875 0.04609375 0.02578125 0.04140625
1 0.296875 0.03359375 0.01171875 0.01640625
0 0.1375 0.61484375 0.14296875 0.32109375