1 0.86015625 0.57890625 0.11484375 0.175
1 0.48828125 0.65234375 0.0796875 0.2375
1 0.23828125 0.15625 0.03046875 0.05390625
1 0.49296875 0.44609375 0.0609375 0.14140625
1 0.2875 0.15 0.03046875 0.05
1 0.17265625 0.56875 0.10078125 0.17109375
1 0.26171875 0.30390625 0.04453125 0.09140625
1 0.29140625 0.09609375 0.0234375 0.04140625
1 0.41328125 0.19765625 0.0328125 0.05390625
1 0.321875 0.48359375 0.0703125 0.15
1 0.396875 0.15234375 0.028125 0.04609375
1 0.34765625 0.32890625 0.046875 0.09140625
1 0.34140625 0.16640625 0.03046875 0.05
1 0.34765625 0.23359375 0.0375 0.08359375
1 0.428125 0.25625 0.03046875 0.07109375
1 0.29140625 0.05234375 0.01875 0.02890625
1 0.4625 0.30390625 0.0609375 0.14140625
1 0.378125 0.08984375 0.028125 0.04609375
1 0.35546875 0.04375 0.01640625 0.02890625
1 0.29140625 0.0125 0.0140625 0.01640625
1 0.3359375 0.10390625 0.0234375 0.025
1 0.340625 0.00625 0.0140625 0.0125