1 0.2984375 0.07734375 0.0234375 0.0375
1 0.409375 0.16015625 0.03046875 0.05390625
1 0.33671875 0.225 0.03984375 0.08359375
1 0.23828125 0.15390625 0.03046875 0.05859375
1 0.33203125 0.09140625 0.02109375 0.04140625
1 0.48203125 0.45625 0.05859375 0.1375
1 0.49296875 0.81875 0.0890625 0.29609375
1 0.28984375 0.13125 0.02578125 0.04609375
1 0.20078125 0.47734375 0.08203125 0.1375
1 0.3484375 0.02109375 0.01640625 0.025
1 0.31796875 0.02109375 0.01640625 0.025
1 0.31484375 0.00625 0.01875 0.0125
1 0.340625 0.00625 0.0140625 0.0125
0 0.18671875 0.84765625 0.14765625 0.29609375