1 0.06328125 0.88125 0.1265625 0.22890625
1 0.27578125 0.68359375 0.09609375 0.20859375
1 0.19140625 0.54140625 0.09140625 0.19140625
1 0.46953125 0.35390625 0.0515625 0.1
1 0.23828125 0.15625 0.03046875 0.05390625
1 0.2640625 0.30390625 0.04921875 0.09140625
1 0.33359375 0.35859375 0.046875 0.1
1 0.3546875 0.0375 0.01875 0.03359375
1 0.4234375 0.22109375 0.03515625 0.05859375
1 0.40390625 0.17265625 0.0328125 0.04609375
1 0.2921875 0.07890625 0.02578125 0.03359375
1 0.29140625 0.01015625 0.0140625 0.0203125
1 0.3875 0.13984375 0.0234375 0.0375
1 0.3125 0.00625 0.0140625 0.0125
1 0.31796875 0.02890625 0.01640625 0.025
1 0.32265625 0.06484375 0.01640625 0.02109375
1 0.2890625 0.05234375 0.028125 0.02890625
1 0.38359375 0.11640625 0.02578125 0.03359375
2 0.3390625 0.15390625 0.05390625 0.15