1 0.3484375 0.2625 0.03984375 0.075
1 0.48359375 0.57734375 0.0703125 0.17890625
1 0.28671875 0.2375 0.0375 0.06640625
1 0.33828125 0.38515625 0.0515625 0.12109375
1 0.07890625 0.78984375 0.15703125 0.32109375
1 0.2390625 0.15625 0.0328125 0.05390625
1 0.4765625 0.38984375 0.0609375 0.17109375
1 0.28671875 0.16015625 0.0328125 0.04609375
1 0.22265625 0.41875 0.0703125 0.12109375
1 0.33828125 0.15 0.0328125 0.09140625
1 0.340625 0.0125 0.0140625 0.01640625
1 0.321875 0.04375 0.01875 0.0375
1 0.43671875 0.22734375 0.0609375 0.12109375
1 0.29140625 0.05625 0.0234375 0.02890625
1 0.2890625 0.025 0.0140625 0.025
1 0.12109375 0.9875 0.12421875 0.01640625
1 0.32890625 0.07109375 0.01875 0.03359375
0 0.26796875 0.625 0.1171875 0.30859375