1 0.09765625 0.79609375 0.14765625 0.29140625
1 0.31796875 0.475 0.05859375 0.13359375
1 0.2796875 0.25859375 0.0421875 0.06640625
1 0.45859375 0.3125 0.04921875 0.08359375
1 0.23671875 0.85 0.140625 0.29140625
1 0.2390625 0.15625 0.0328125 0.05390625
1 0.21328125 0.48359375 0.0796875 0.16640625
1 0.41796875 0.20859375 0.0328125 0.05
1 0.35 0.03359375 0.01875 0.025
1 0.34140625 0.2875 0.03984375 0.075
1 0.48359375 0.88125 0.140625 0.22890625
1 0.29140625 0.04609375 0.028125 0.05
1 0.31796875 0.02734375 0.01640625 0.02109375
1 0.321875 0.05 0.01875 0.025
1 0.31171875 0.00390625 0.0140625 0.0078125
1 0.40234375 0.17109375 0.02578125 0.04140625