1 0.26796875 0.73515625 0.103125 0.22109375
1 0.50390625 0.51875 0.06796875 0.14609375
1 0.28515625 0.16640625 0.03046875 0.05
1 0.33671875 0.48984375 0.06328125 0.1375
1 0.23671875 0.15390625 0.0328125 0.05859375
1 0.428125 0.22734375 0.03515625 0.0625
1 0.34140625 0.35 0.04453125 0.09140625
1 0.3953125 0.15 0.03046875 0.05859375
1 0.27265625 0.275 0.0421875 0.075
1 0.128125 0.68515625 0.12890625 0.2375
1 0.37890625 0.09140625 0.02578125 0.04140625
1 0.35 0.02890625 0.0140625 0.025
1 0.34140625 0.15859375 0.03046875 0.05
1 0.29140625 0.04140625 0.0140625 0.01640625
1 0.4609375 0.30390625 0.04453125 0.08359375
1 0.5015625 0.97109375 0.08203125 0.05
1 0.3296875 0.08125 0.02109375 0.0375
1 0.34609375 0.22265625 0.03515625 0.07109375
1 0.334375 0.11875 0.02578125 0.0375
1 0.29375 0.00859375 0.0140625 0.01640625
1 0.32421875 0.05390625 0.01875 0.025
1 0.33828125 0.2875 0.0421875 0.06640625
1 0.33828125 0.00390625 0.0140625 0.0078125
1 0.3671875 0.06640625 0.02578125 0.025
1 0.36484375 0.03984375 0.02109375 0.02109375
1 0.31796875 0.01640625 0.01640625 0.01640625