1 0.33203125 0.34375 0.04921875 0.09609375
1 0.23671875 0.15625 0.0328125 0.05390625
1 0.27109375 0.28984375 0.04453125 0.07890625
1 0.33359375 0.1125 0.0234375 0.04140625
1 0.29140625 0.09375 0.0234375 0.0375
1 0.259375 0.76875 0.11484375 0.24609375
1 0.22265625 0.4375 0.0796875 0.16640625
1 0.34296875 0.01484375 0.0140625 0.02109375
1 0.29375 0.0125 0.0140625 0.025
1 0.31171875 0.00390625 0.0140625 0.0078125
1 0.33359375 0.00390625 0.0109375 0.0078125
0 0.4859375 0.53125 0.075 0.22109375
0 0.090625 0.7625 0.18046875 0.43359375