1 0.1796875 0.55625 0.10078125 0.17109375
1 0.2890625 0.18984375 0.0328125 0.0625
1 0.48671875 0.72734375 0.09140625 0.25390625
1 0.48359375 0.47265625 0.065625 0.15390625
1 0.34140625 0.26484375 0.03984375 0.07890625
1 0.8109375 0.71875 0.11484375 0.22890625
1 0.3390625 0.13515625 0.02578125 0.04609375
1 0.23828125 0.15625 0.03046875 0.05390625
1 0.4140625 0.18359375 0.03515625 0.05859375
1 0.334375 0.40234375 0.05390625 0.1125
1 0.46796875 0.33125 0.05390625 0.09609375
1 0.26171875 0.32890625 0.05390625 0.09140625
1 0.3859375 0.10390625 0.02578125 0.04140625
1 0.23203125 0.83125 0.13125 0.30390625
1 0.03046875 0.94140625 0.0609375 0.10859375
1 0.43984375 0.25859375 0.04453125 0.075
1 0.36015625 0.05 0.02109375 0.03359375
1 0.3265625 0.05859375 0.028125 0.04140625
1 0.32265625 0.02265625 0.02578125 0.0375
1 0.3421875 0.01015625 0.01875 0.0203125