1 0.1609375 0.64609375 0.11015625 0.21640625
1 0.20625 0.90234375 0.1359375 0.1875
1 0.31796875 0.52734375 0.07734375 0.17109375
1 0.34375 0.22734375 0.03515625 0.0625
1 0.2890625 0.18125 0.0328125 0.05390625
1 0.340625 0.32890625 0.0421875 0.09140625
1 0.23359375 0.42109375 0.06796875 0.14140625
1 0.2390625 0.15625 0.0328125 0.05390625
1 0.490625 0.65234375 0.1078125 0.27109375
1 0.415625 0.19765625 0.0328125 0.05390625
1 0.44921875 0.27734375 0.04453125 0.07890625
1 0.34375 0.01640625 0.01640625 0.025
1 0.2921875 0.02734375 0.02109375 0.0375
1 0.31640625 0.01015625 0.0140625 0.0203125
1 0.40390625 0.17109375 0.028125 0.04140625
1 0.31953125 0.03515625 0.01875 0.02109375
1 0.3828125 0.11484375 0.028125 0.02890625
1 0.390625 0.13984375 0.03046875 0.0375
2 0.33203125 0.10234375 0.04453125 0.12109375