1 0.4375 0.25 0.03984375 0.06640625
1 0.2546875 0.64609375 0.10078125 0.20859375
1 0.23671875 0.15390625 0.0328125 0.05859375
1 0.29140625 0.12109375 0.0234375 0.04140625
1 0.47265625 0.45859375 0.05390625 0.14140625
1 0.3625 0.05234375 0.02109375 0.02890625
1 0.340625 0.16875 0.0328125 0.0625
1 0.284375 0.24140625 0.0375 0.075
1 0.24375 0.36015625 0.05625 0.09609375
1 0.30546875 0.01015625 0.0171875 0.0203125
1 0.28984375 0.02734375 0.01640625 0.02109375
1 0.321875 0.02265625 0.0140625 0.02109375
1 0.32890625 0.07109375 0.01875 0.04140625