1 0.83671875 0.71875 0.11015625 0.22109375
1 0.23828125 0.15390625 0.03046875 0.05859375
1 0.48828125 0.49609375 0.05625 0.14140625
1 0.340625 0.23125 0.0375 0.07109375
1 0.28984375 0.08515625 0.02578125 0.05390625
1 0.4953125 0.74375 0.0984375 0.25390625
1 0.2546875 0.71875 0.11015625 0.25390625
1 0.453125 0.25 0.046875 0.09140625
1 0.33828125 0.15 0.028125 0.05
1 0.0296875 0.93359375 0.05859375 0.125
1 0.3359375 0.38359375 0.05625 0.14140625
1 0.32734375 0.07890625 0.02109375 0.03359375
1 0.41171875 0.175 0.03515625 0.05
1 0.1921875 0.52109375 0.0890625 0.15859375
1 0.29140625 0.025 0.0140625 0.025
1 0.46796875 0.36640625 0.05390625 0.11640625
1 0.37578125 0.10390625 0.028125 0.04140625
1 0.37109375 0.07265625 0.0234375 0.02890625
1 0.32265625 0.04765625 0.01640625 0.02109375
1 0.34765625 0.01640625 0.01875 0.025
1 0.31796875 0.03125 0.01640625 0.02109375
1 0.3125 0.00234375 0.0140625 0.00390625
1 0.39765625 0.1375 0.03046875 0.05