1 0.1875 0.52109375 0.0890625 0.15859375
1 0.4890625 0.46015625 0.05859375 0.12890625
1 0.23828125 0.15390625 0.03046875 0.05859375
1 0.33203125 0.12890625 0.02578125 0.05
1 0.4421875 0.27109375 0.03984375 0.075
1 0.3359375 0.4125 0.05625 0.11640625
1 0.29140625 0.08125 0.0234375 0.04609375
1 0.33828125 0.2125 0.0328125 0.06640625
1 0.41328125 0.1875 0.0375 0.05859375
1 0.3859375 0.13515625 0.03046875 0.04609375
1 0.3265625 0.05234375 0.01875 0.02890625
1 0.28984375 0.0375 0.01640625 0.025
1 0.3640625 0.06015625 0.0234375 0.04609375
1 0.3765625 0.09140625 0.02109375 0.04140625
1 0.31953125 0.03359375 0.0140625 0.03359375
1 0.11171875 0.72890625 0.13359375 0.24140625
0 0.12890625 0.87421875 0.2578125 0.2421875
2 0.2609375 0.31015625 0.084375 0.15390625
2 0.2828125 0.17109375 0.03984375 0.1