1 0.396875 0.1375 0.0328125 0.05
1 0.4765625 0.41875 0.05625 0.12109375
1 0.23828125 0.15625 0.03046875 0.05390625
1 0.36015625 0.05390625 0.02109375 0.03359375
1 0.32890625 0.08125 0.0234375 0.0375
1 0.29140625 0.06640625 0.01875 0.03359375
1 0.34375 0.01875 0.01640625 0.02109375
1 0.28984375 0.04375 0.01640625 0.02109375
1 0.3203125 0.03984375 0.01640625 0.02109375
1 0.334375 0.00625 0.01640625 0.0125
1 0.2796875 0.22890625 0.05625 0.09140625
1 0.315625 0.06484375 0.01171875 0.02890625
1 0.3125 0.00390625 0.0125 0.0078125
0 0.278125 0.18515625 0.05859375 0.17890625