1 0.4859375 0.49609375 0.0609375 0.14140625
1 0.23828125 0.15625 0.03046875 0.05390625
1 0.4390625 0.24765625 0.0421875 0.07890625
1 0.33359375 0.20390625 0.0328125 0.05859375
1 0.46953125 0.35234375 0.046875 0.09609375
1 0.41171875 0.16015625 0.03046875 0.0625
1 0.28671875 0.09609375 0.0234375 0.03359375
1 0.2875 0.1375 0.02578125 0.04140625
1 0.3921875 0.12734375 0.0234375 0.0375
1 0.34375 0.01015625 0.01640625 0.0125
1 0.3625 0.07109375 0.02578125 0.04140625
1 0.37578125 0.09609375 0.0234375 0.04140625
1 0.3546875 0.03515625 0.01875 0.02890625
1 0.33359375 0.11015625 0.0234375 0.02890625
1 0.0609375 0.8625 0.121875 0.26640625
1 0.31484375 0.00859375 0.0140625 0.01640625
1 0.3125 0.1375 0.0140625 0.04140625
1 0.31953125 0.03125 0.01875 0.02109375
1 0.3296875 0.07890625 0.01640625 0.03359375
1 0.32734375 0.05234375 0.01640625 0.02109375
1 0.140625 0.97890625 0.1171875 0.03359375
0 0.26640625 0.3 0.04921875 0.10859375