1 0.484375 0.50234375 0.06328125 0.1625
1 0.81015625 0.74140625 0.1171875 0.25859375
1 0.49375 0.78984375 0.08671875 0.25390625
1 0.47734375 0.34140625 0.05859375 0.1
1 0.33125 0.18359375 0.028125 0.05859375
1 0.23671875 0.15625 0.0328125 0.05390625
1 0.13125 0.64609375 0.121875 0.24140625
1 0.29140625 0.0875 0.01875 0.03359375
1 0.29140625 0.03515625 0.0140625 0.02109375
1 0.32421875 0.09375 0.0234375 0.0375
1 0.3203125 0.025 0.01640625 0.01640625
1 0.3265625 0.06640625 0.01875 0.025
1 0.325 0.05 0.01171875 0.01640625
1 0.29140625 0.00859375 0.0140625 0.01640625