1 0.32734375 0.4375 0.05859375 0.13359375
1 0.23828125 0.15625 0.03046875 0.05390625
1 0.36015625 0.06484375 0.02109375 0.0375
1 0.44921875 0.27265625 0.04453125 0.07109375
1 0.47265625 0.36640625 0.05390625 0.11640625
1 0.390625 0.1125 0.02578125 0.05
1 0.32265625 0.04765625 0.01640625 0.0375
1 0.340625 0.01640625 0.015625 0.0328125
1 0.33125 0.08359375 0.01875 0.03359375
1 0.4890625 0.49140625 0.06328125 0.15
1 0.37578125 0.09140625 0.0234375 0.03359375
1 0.409375 0.175 0.03046875 0.05
1 0.2890625 0.03984375 0.01875 0.02890625
1 0.42109375 0.21015625 0.02578125 0.04609375
1 0.29375 0.01875 0.0140625 0.0125
1 0.43203125 0.225 0.028125 0.04140625
1 0.3109375 0.00234375 0.01171875 0.00390625
0 0.5015625 0.85390625 0.10546875 0.28359375
0 0.1703125 0.80625 0.265625 0.37890625