1 0.509375 0.68125 0.0796875 0.22109375
1 0.29375 0.1 0.0234375 0.04140625
1 0.2921875 0.1625 0.03046875 0.05859375
1 0.23671875 0.15859375 0.0328125 0.05859375
1 0.434375 0.23359375 0.0375 0.06640625
1 0.46953125 0.36015625 0.0515625 0.1125
1 0.359375 0.05 0.01875 0.03359375
1 0.34140625 0.23984375 0.03515625 0.07109375
1 0.29140625 0.025 0.0140625 0.025
1 0.3296875 0.40625 0.05859375 0.12109375
1 0.065625 0.87109375 0.13125 0.25
1 0.38828125 0.11640625 0.02578125 0.05
1 0.34140625 0.01484375 0.01640625 0.02109375
1 0.33359375 0.10859375 0.028125 0.05
1 0.3125 0.00390625 0.0125 0.0078125
1 0.3296875 0.06875 0.02109375 0.0375