1 0.2015625 0.4875 0.084375 0.14140625
1 0.1375 0.67890625 0.11953125 0.24140625
1 0.434375 0.24765625 0.0421875 0.07109375
1 0.23671875 0.15625 0.0328125 0.05390625
1 0.34140625 0.18359375 0.03046875 0.05859375
1 0.47265625 0.38125 0.04921875 0.09609375
1 0.51796875 0.91875 0.10546875 0.15390625
1 0.32421875 0.06640625 0.01875 0.03359375
1 0.29140625 0.07109375 0.0234375 0.05859375
1 0.39453125 0.15390625 0.028125 0.05
1 0.284375 0.18984375 0.046875 0.0875
1 0.31796875 0.02734375 0.01640625 0.02109375
1 0.36171875 0.05390625 0.0234375 0.04140625
1 0.3296875 0.11015625 0.02109375 0.04609375
1 0.2921875 0.02109375 0.01640625 0.01640625
1 0.37109375 0.09375 0.01875 0.0375
1 0.31484375 0.00625 0.0140625 0.0125
1 0.38515625 0.11484375 0.0234375 0.04609375
0 0.3125 0.37734375 0.1078125 0.32890625