1 0.49609375 0.47109375 0.05859375 0.13359375
1 0.23828125 0.15390625 0.03046875 0.05859375
1 0.2828125 0.68515625 0.10078125 0.22109375
1 0.15390625 0.62890625 0.11015625 0.2
1 0.28046875 0.22109375 0.03515625 0.06640625
1 0.340625 0.2125 0.0328125 0.06640625
1 0.4703125 0.34765625 0.04921875 0.1125
1 0.40625 0.15234375 0.028125 0.04609375
1 0.334375 0.33359375 0.05859375 0.11640625
1 0.2890625 0.04140625 0.0234375 0.04140625
1 0.43046875 0.22734375 0.04921875 0.07890625
1 0.51171875 0.73125 0.084375 0.27109375
1 0.3640625 0.0625 0.01875 0.03359375
1 0.3875 0.10625 0.0234375 0.0375
1 0.3734375 0.08125 0.0234375 0.02890625
1 0.321875 0.05 0.01875 0.025
1 0.3171875 0.02265625 0.0140625 0.0125