1 0.33359375 0.4 0.0515625 0.11640625
1 0.23828125 0.15625 0.03046875 0.05390625
1 0.4890625 0.48515625 0.06328125 0.14609375
1 0.5 0.82890625 0.0984375 0.325
1 0.446875 0.26875 0.04453125 0.07109375
1 0.471875 0.36484375 0.0515625 0.1125
1 0.321875 0.04140625 0.01875 0.03359375
1 0.390625 0.10859375 0.02578125 0.05
1 0.33125 0.07734375 0.01875 0.0375
1 0.28984375 0.03359375 0.01640625 0.025
1 0.36015625 0.0625 0.02109375 0.03359375
1 0.37421875 0.0875 0.02109375 0.03359375
1 0.34140625 0.01875 0.01640625 0.02109375
1 0.409375 0.175 0.03046875 0.05
1 0.43046875 0.22109375 0.02578125 0.04140625
1 0.29375 0.01015625 0.0125 0.0203125
1 0.3109375 0.00234375 0.01171875 0.00390625
0 0.18671875 0.77109375 0.275 0.45