1 0.825 0.59765625 0.11484375 0.19609375
1 0.49140625 0.60625 0.07265625 0.1875
1 0.27265625 0.25390625 0.0421875 0.06640625
1 0.2984375 0.45390625 0.0609375 0.125
1 0.0609375 0.84609375 0.121875 0.3
1 0.47890625 0.4125 0.0515625 0.10859375
1 0.23828125 0.15625 0.03046875 0.05390625
1 0.45546875 0.30859375 0.046875 0.09140625
1 0.3453125 0.19140625 0.028125 0.05859375
1 0.28515625 0.16484375 0.02578125 0.04609375
1 0.42734375 0.18984375 0.0375 0.07109375
1 0.39921875 0.14609375 0.0328125 0.04140625
1 0.3828125 0.1125 0.0234375 0.04140625
1 0.29140625 0.0125 0.0140625 0.025
1 0.31796875 0.02890625 0.01640625 0.01640625
1 0.36015625 0.04765625 0.01640625 0.02890625
1 0.340625 0.12734375 0.028125 0.05390625
1 0.33203125 0.0875 0.02109375 0.03359375
1 0.3203125 0.06015625 0.01640625 0.02890625
1 0.35078125 0.025 0.01640625 0.025
1 0.36640625 0.07890625 0.0234375 0.04140625
1 0.315625 0.00859375 0.01640625 0.01640625
1 0.34609375 0.00859375 0.02109375 0.01640625