1 0.18671875 0.525 0.09140625 0.15859375
1 0.1 0.77265625 0.13828125 0.29609375
1 0.325 0.48125 0.06796875 0.1375
1 0.23671875 0.15390625 0.0328125 0.05859375
1 0.5015625 0.53359375 0.06796875 0.15859375
1 0.33359375 0.14609375 0.028125 0.05
1 0.453125 0.30234375 0.046875 0.07890625
1 0.28984375 0.09609375 0.02109375 0.05
1 0.3921875 0.15 0.028125 0.05
1 0.28984375 0.04609375 0.01640625 0.025
1 0.4234375 0.20390625 0.03984375 0.06640625
1 0.38046875 0.1 0.0234375 0.03359375
1 0.28203125 0.18515625 0.0421875 0.10390625
1 0.32890625 0.05859375 0.01875 0.025
1 0.3671875 0.06875 0.02578125 0.0375
1 0.31796875 0.01875 0.01640625 0.02109375
1 0.3203125 0.03984375 0.01640625 0.02890625
1 0.33671875 0.21640625 0.02109375 0.03359375
1 0.33828125 0.2375 0.0375 0.075
2 0.25625 0.32734375 0.0890625 0.1625