1 0.3171875 0.52265625 0.0703125 0.14609375
1 0.23828125 0.15390625 0.03046875 0.05859375
1 0.284375 0.1875 0.0328125 0.05859375
1 0.35 0.30234375 0.0375 0.07890625
1 0.45078125 0.28359375 0.0421875 0.075
1 0.42265625 0.2 0.0375 0.05859375
1 0.34296875 0.20390625 0.0328125 0.05859375
1 0.2921875 0.07265625 0.01640625 0.0375
1 0.40234375 0.14765625 0.03046875 0.0375
1 0.3453125 0.14609375 0.028125 0.05
1 0.38359375 0.10859375 0.02578125 0.04140625
1 0.33828125 0.00625 0.0140625 0.0125
1 0.3359375 0.10859375 0.028125 0.05
1 0.321875 0.03984375 0.01875 0.02109375
1 0.29140625 0.02890625 0.0140625 0.01640625
1 0.35546875 0.05390625 0.02109375 0.025
1 0.3484375 0.02265625 0.01640625 0.02890625
0 0.48671875 0.49375 0.07265625 0.17890625
0 0.2359375 0.36015625 0.07734375 0.1625