1 0.28515625 0.20859375 0.03515625 0.075
1 0.40703125 0.15390625 0.03046875 0.05
1 0.23671875 0.15859375 0.0328125 0.05859375
1 0.28984375 0.08984375 0.02109375 0.0375
1 0.32734375 0.08125 0.02109375 0.0375
1 0.37890625 0.09140625 0.02578125 0.03359375
1 0.33671875 0.14609375 0.03515625 0.08359375
1 0.3203125 0.04375 0.01640625 0.02890625
1 0.36015625 0.05234375 0.01640625 0.02890625
1 0.340625 0.01484375 0.0140625 0.02109375
1 0.31484375 0.00625 0.0140625 0.0125
1 0.4578125 0.33359375 0.0234375 0.05859375
1 0.29609375 0.00859375 0.0046875 0.01640625
0 0.0890625 0.73125 0.178125 0.40390625