1 0.1703125 0.57578125 0.09296875 0.1828125
1 0.03671875 0.9390625 0.0734375 0.121875
1 0.4859375 0.62109375 0.0671875 0.1765625
1 0.48828125 0.45703125 0.06328125 0.1640625
2 0.46796875 0.31171875 0.08046875 0.15
2 0.31640625 0.45859375 0.071875 0.23046875
1 0.26796875 0.30234375 0.03203125 0.1078125
1 0.35078125 0.2546875 0.040625 0.05859375
1 0.28125 0.20625 0.03046875 0.07890625
1 0.34609375 0.19453125 0.0265625 0.05859375
1 0.41171875 0.16171875 0.03984375 0.059375
1 0.24375 0.1625 0.0296875 0.06953125
1 0.28828125 0.13984375 0.02265625 0.046875
1 0.33984375 0.14453125 0.02734375 0.0515625
1 0.296875 0.09375 0.01640625 0.04296875
1 0.33671875 0.1 0.02109375 0.05546875
1 0.37890625 0.09609375 0.02109375 0.04375
1 0.32421875 0.0609375 0.01640625 0.0328125
1 0.365625 0.06796875 0.02578125 0.028125
1 0.3203125 0.0265625 0.02265625 0.0375