1 0.48828125 0.81875 0.09375 0.27109375
1 0.315625 0.48515625 0.06328125 0.12890625
1 0.1078125 0.73359375 0.140625 0.25859375
1 0.490625 0.56015625 0.065625 0.1625
1 0.340625 0.15859375 0.028125 0.05
1 0.2453125 0.37890625 0.05859375 0.1
1 0.3953125 0.15234375 0.03515625 0.05390625
1 0.34296875 0.26015625 0.0375 0.0875
1 0.47890625 0.42890625 0.0515625 0.125
1 0.33359375 0.09375 0.0234375 0.0375
1 0.35078125 0.03359375 0.01640625 0.03359375
1 0.38125 0.10859375 0.02578125 0.04140625
1 0.23828125 0.15390625 0.03046875 0.05859375
1 0.3140625 0.01015625 0.01875 0.0203125
1 0.4703125 0.32109375 0.05390625 0.11640625
1 0.34140625 0.01484375 0.01640625 0.02890625
1 0.4234375 0.2125 0.03515625 0.06640625
1 0.446875 0.26484375 0.03984375 0.09609375
1 0.28046875 0.23359375 0.04453125 0.06640625
1 0.2546875 0.14609375 0.01171875 0.04140625