1 0.23671875 0.15859375 0.0328125 0.05859375
1 0.4140625 0.16875 0.03046875 0.05390625
1 0.28046875 0.2375 0.03984375 0.08359375
1 0.31484375 0.00859375 0.0140625 0.01640625
1 0.32890625 0.09140625 0.0234375 0.04140625
1 0.3828125 0.09765625 0.0234375 0.0375
1 0.28984375 0.1 0.02109375 0.04140625
1 0.3625 0.05859375 0.01640625 0.025
1 0.32265625 0.05 0.01640625 0.03359375
1 0.3390625 0.16015625 0.03515625 0.0875
1 0.34140625 0.01875 0.01640625 0.02109375
1 0.29296875 0.01015625 0.0140625 0.0203125
1 0.4578125 0.33359375 0.0234375 0.05859375
0 0.06328125 0.82109375 0.1265625 0.35