1 0.471875 0.34375 0.0515625 0.09609375
1 0.32734375 0.075 0.02109375 0.03359375
1 0.28984375 0.06875 0.02109375 0.0375
1 0.21953125 0.88984375 0.13359375 0.2125
1 0.2734375 0.2625 0.04453125 0.075
1 0.3390625 0.16484375 0.03515625 0.07109375
1 0.29140625 0.1625 0.028125 0.05
1 0.23828125 0.15390625 0.03046875 0.05859375
1 0.34375 0.33984375 0.04453125 0.0875
1 0.32265625 0.51484375 0.06796875 0.15390625
1 0.5 0.49140625 0.065625 0.16640625
1 0.40703125 0.16875 0.03984375 0.0625
1 0.3921875 0.11640625 0.028125 0.04140625
1 0.43984375 0.24375 0.04453125 0.07890625
1 0.378125 0.09140625 0.0234375 0.03359375
1 0.36171875 0.05390625 0.01875 0.03359375
1 0.2921875 0.00859375 0.01171875 0.01640625
1 0.37109375 0.07265625 0.0234375 0.02890625
1 0.31328125 0.00234375 0.01171875 0.00390625