1 0.31484375 0.61015625 0.084375 0.1875
1 0.16328125 0.56875 0.10078125 0.17109375
1 0.46328125 0.35390625 0.04921875 0.1
1 0.33203125 0.44609375 0.05859375 0.125
1 0.2109375 0.9125 0.1265625 0.16640625
1 0.2875 0.18515625 0.03046875 0.04609375
1 0.23828125 0.15390625 0.03046875 0.05859375
1 0.4984375 0.56640625 0.06796875 0.175
1 0.2921875 0.09140625 0.02109375 0.03359375
1 0.39765625 0.15 0.03046875 0.05
1 0.34765625 0.2 0.0328125 0.05859375
1 0.3390625 0.15 0.03046875 0.04140625
1 0.41796875 0.2125 0.0375 0.075
1 0.33984375 0.01015625 0.0140625 0.0203125
1 0.33359375 0.11015625 0.0234375 0.04609375
1 0.36484375 0.06640625 0.01640625 0.03359375
1 0.31484375 0.00390625 0.0171875 0.0078125
1 0.35078125 0.03515625 0.01640625 0.02109375
1 0.3484375 0.26015625 0.03515625 0.07890625
1 0.38359375 0.10625 0.03046875 0.0375
1 0.325 0.05390625 0.01640625 0.025
1 0.32265625 0.03515625 0.01171875 0.0125
1 0.3359375 0.31640625 0.046875 0.10859375
1 0.38125 0.07265625 0.02578125 0.02890625
1 0.29140625 0.04375 0.0140625 0.02109375