1 0.3921875 0.1375 0.028125 0.05
1 0.34140625 0.17734375 0.02578125 0.05390625
1 0.23828125 0.15625 0.03046875 0.05390625
1 0.32890625 0.33359375 0.0515625 0.1
1 0.4796875 0.42890625 0.05859375 0.13359375
1 0.31953125 0.1125 0.0234375 0.04140625
1 0.265625 0.29609375 0.046875 0.09140625
1 0.275 0.62265625 0.09375 0.22890625
1 0.34140625 0.01875 0.01640625 0.02890625
1 0.315625 0.00625 0.01640625 0.0125
1 0.2875 0.06484375 0.02578125 0.0375
1 0.28515625 0.02890625 0.02578125 0.04140625
2 0.2875 0.04375 0.03046875 0.07890625