1 0.28984375 0.1 0.02109375 0.04140625
1 0.49140625 0.66484375 0.07265625 0.19609375
1 0.23828125 0.15390625 0.03046875 0.05859375
1 0.475 0.42265625 0.05859375 0.12890625
1 0.33828125 0.35859375 0.046875 0.10859375
1 0.33828125 0.17265625 0.028125 0.05390625
1 0.42265625 0.20234375 0.0375 0.0625
1 0.334375 0.11015625 0.02109375 0.0375
1 0.31953125 0.02265625 0.01875 0.0375
1 0.46328125 0.28359375 0.04921875 0.1
1 0.3265625 0.07109375 0.01875 0.03359375
1 0.2609375 0.30859375 0.0609375 0.11640625
1 0.2875 0.02734375 0.01640625 0.02109375
1 0.35234375 0.03359375 0.0140625 0.025
1 0.40859375 0.16640625 0.0328125 0.04140625
1 0.3828125 0.11875 0.0328125 0.05390625
1 0.2453125 0.73984375 0.11484375 0.27109375
1 0.37109375 0.06875 0.01875 0.02890625
1 0.36015625 0.05234375 0.01640625 0.02890625
1 0.29375 0.01015625 0.009375 0.0203125