1 0.1875 0.52109375 0.0890625 0.15859375
1 0.33828125 0.38359375 0.0515625 0.10859375
1 0.4375 0.25625 0.04453125 0.07109375
1 0.4859375 0.43359375 0.05625 0.11640625
1 0.23671875 0.15390625 0.0328125 0.05859375
1 0.33125 0.12265625 0.0234375 0.04609375
1 0.33671875 0.2 0.03046875 0.06640625
1 0.38515625 0.12890625 0.028125 0.04140625
1 0.40859375 0.17734375 0.0375 0.0625
1 0.28984375 0.07265625 0.02109375 0.04609375
1 0.284375 0.16484375 0.0375 0.09609375
1 0.3640625 0.06015625 0.0234375 0.04609375
1 0.32734375 0.05 0.01640625 0.025
1 0.3765625 0.08984375 0.02109375 0.0375
1 0.11640625 0.7125 0.12890625 0.23359375
1 0.28984375 0.03125 0.01640625 0.02109375
1 0.31953125 0.03125 0.0140625 0.02890625
1 0.31796875 0.0125 0.01640625 0.025
1 0.26875 0.25625 0.04921875 0.05390625
0 0.13984375 0.82890625 0.2796875 0.33359375