1 0.06640625 0.86875 0.1328125 0.25
1 0.22421875 0.9 0.11484375 0.2
1 0.49375 0.665625 0.0875 0.25234375
1 0.7890625 0.85078125 0.10234375 0.29765625
2 0.30234375 0.53046875 0.07734375 0.278125
1 0.48203125 0.41953125 0.08515625 0.115625
1 0.2515625 0.321875 0.06484375 0.1203125
1 0.33828125 0.34921875 0.06875 0.14140625
1 0.4546875 0.30078125 0.06171875 0.1
2 0.4359375 0.18984375 0.0703125 0.096875
1 0.24375 0.16640625 0.040625 0.06796875
1 0.29375 0.17734375 0.04453125 0.0578125
1 0.34375 0.26015625 0.0484375 0.065625
1 0.34296875 0.18515625 0.04375 0.0828125
1 0.29296875 0.078125 0.03515625 0.04921875