1 0.30546875 0.58515625 0.0796875 0.1625
1 0.23828125 0.15390625 0.03515625 0.05859375
1 0.3453125 0.27890625 0.0375 0.075
1 0.34765625 0.39140625 0.0515625 0.10859375
1 0.2890625 0.16015625 0.028125 0.05390625
1 0.41875 0.18515625 0.03515625 0.05390625
1 0.36875 0.08359375 0.0234375 0.04140625
1 0.240625 0.38515625 0.06328125 0.10390625
1 0.3296875 0.08515625 0.02109375 0.0375
1 0.48125 0.41640625 0.0515625 0.125
1 0.359375 0.04609375 0.01875 0.03359375
1 0.340625 0.16484375 0.028125 0.05390625
1 0.2890625 0.07890625 0.01875 0.03359375
1 0.44609375 0.26484375 0.046875 0.07109375
1 0.34296875 0.2125 0.0328125 0.05
1 0.28984375 0.04609375 0.01640625 0.025
1 0.4015625 0.14609375 0.0328125 0.05
1 0.31796875 0.02109375 0.01640625 0.03359375
1 0.3265625 0.05625 0.01875 0.02890625
1 0.3484375 0.025 0.01640625 0.025
1 0.225 0.78515625 0.1359375 0.17890625
2 0.1984375 0.84609375 0.18984375 0.3