1 0.8453125 0.68984375 0.1125 0.22109375
1 0.49140625 0.50390625 0.06796875 0.18359375
1 0.2828125 0.57109375 0.07734375 0.2
1 0.2828125 0.28125 0.03984375 0.0875
1 0.23828125 0.15390625 0.03515625 0.05859375
1 0.4328125 0.22734375 0.03984375 0.07109375
1 0.2921875 0.07734375 0.02109375 0.04609375
1 0.33671875 0.13125 0.03515625 0.0625
1 0.390625 0.11640625 0.03046875 0.05859375
1 0.32421875 0.05859375 0.01875 0.03359375
1 0.3671875 0.05625 0.03046875 0.05390625
1 0.31796875 0.02734375 0.01640625 0.02109375
1 0.29140625 0.02265625 0.0140625 0.02109375
0 0.10234375 0.73359375 0.20390625 0.525
0 0.334375 0.33515625 0.05859375 0.1875