1 0.490625 0.63984375 0.0796875 0.22890625
1 0.23828125 0.15625 0.03046875 0.05390625
1 0.33125 0.4375 0.0609375 0.14140625
1 0.490625 0.43515625 0.0609375 0.1375
1 0.27578125 0.24609375 0.03984375 0.075
1 0.3484375 0.30859375 0.04453125 0.08359375
1 0.22421875 0.43984375 0.07265625 0.12109375
1 0.2875 0.12734375 0.02578125 0.0375
1 0.4109375 0.19140625 0.0328125 0.04140625
1 0.28984375 0.07890625 0.02109375 0.03359375
1 0.91171875 0.50859375 0.06328125 0.09140625
1 0.34765625 0.22265625 0.0375 0.07890625
1 0.42578125 0.24765625 0.03515625 0.07109375
1 0.3765625 0.08125 0.02578125 0.04609375
1 0.35234375 0.03515625 0.0140625 0.02890625
1 0.39453125 0.14609375 0.028125 0.05
1 0.46015625 0.29609375 0.0609375 0.14140625
1 0.2921875 0.03984375 0.01640625 0.02890625
1 0.340625 0.15859375 0.0328125 0.05859375
1 0.93671875 0.4375 0.0703125 0.075
1 0.36640625 0.06015625 0.01875 0.0375
1 0.23671875 0.4125 0.046875 0.06640625
0 0.765625 0.8625 0.1546875 0.26640625