1 0.23828125 0.15390625 0.03046875 0.05859375
1 0.50234375 0.51640625 0.065625 0.15
1 0.34375 0.25625 0.03515625 0.07109375
1 0.24609375 0.8375 0.1265625 0.3
1 0.5109375 0.875 0.11015625 0.24140625
1 0.0328125 0.9375 0.065625 0.11640625
1 0.47265625 0.3625 0.05390625 0.11640625
1 0.265625 0.30390625 0.046875 0.09140625
1 0.4375 0.24765625 0.05390625 0.0875
1 0.4109375 0.1625 0.0328125 0.05
1 0.2890625 0.05859375 0.0234375 0.05
1 0.32421875 0.07109375 0.01875 0.03359375
1 0.38984375 0.11015625 0.028125 0.0375
1 0.36640625 0.06640625 0.01875 0.03359375
1 0.31796875 0.03359375 0.01640625 0.025
1 0.3765625 0.08515625 0.02578125 0.02890625
1 0.31640625 0.01015625 0.0140625 0.0203125
0 0.3265625 0.38515625 0.0703125 0.14609375