1 0.14921875 0.67265625 0.11484375 0.22890625
1 0.22890625 0.43125 0.06796875 0.14609375
1 0.28671875 0.19765625 0.0328125 0.05390625
1 0.3078125 0.57890625 0.084375 0.19140625
1 0.2390625 0.15625 0.0328125 0.05390625
1 0.33671875 0.35234375 0.04453125 0.09609375
1 0.34375 0.2375 0.03515625 0.06640625
1 0.1890625 0.95625 0.12421875 0.07890625
1 0.415625 0.19765625 0.0328125 0.05390625
1 0.45078125 0.28125 0.046875 0.07890625
1 0.2921875 0.03125 0.02109375 0.0375
1 0.3171875 0.01484375 0.0140625 0.02109375
1 0.48828125 0.70234375 0.1125 0.30390625
1 0.3203125 0.03984375 0.01640625 0.02109375
1 0.36875 0.06875 0.01875 0.02890625
1 0.3453125 0.01875 0.01875 0.02890625
1 0.4046875 0.17109375 0.02578125 0.04140625
1 0.38125 0.11640625 0.02578125 0.025
1 0.38046875 0.08984375 0.0140625 0.02109375
1 0.390625 0.13984375 0.03046875 0.0375
2 0.33359375 0.10625 0.046875 0.12109375