1 0.20859375 0.525 0.084375 0.16640625
1 0.48359375 0.73125 0.084375 0.24609375
1 0.2390625 0.15390625 0.0328125 0.05859375
1 0.34609375 0.32890625 0.04921875 0.1
1 0.31328125 0.51875 0.07734375 0.1625
1 0.06328125 0.86484375 0.1265625 0.2625
1 0.48671875 0.48359375 0.06796875 0.18359375
1 0.28984375 0.10234375 0.02109375 0.0375
1 0.24609375 0.375 0.0609375 0.125
1 0.340625 0.17265625 0.028125 0.05390625
1 0.415625 0.19765625 0.0328125 0.05390625
1 0.18046875 0.96015625 0.13125 0.07109375
1 0.34375 0.23984375 0.03515625 0.0625
1 0.44140625 0.25234375 0.0421875 0.07109375
1 0.33828125 0.00625 0.0140625 0.0125
1 0.38046875 0.1 0.0234375 0.04140625
1 0.471875 0.35859375 0.0703125 0.125
1 0.3671875 0.07734375 0.02109375 0.02890625
1 0.3171875 0.01484375 0.0140625 0.02890625
1 0.390625 0.1375 0.03046875 0.04140625
1 0.40625 0.17109375 0.028125 0.04140625
1 0.359375 0.05 0.01875 0.03359375
1 0.2921875 0.00859375 0.01640625 0.01640625
1 0.31484375 0.00390625 0.0140625 0.0078125