1 0.10234375 0.74375 0.13828125 0.24609375
1 0.50234375 0.525 0.0703125 0.16640625
1 0.2640625 0.72734375 0.11484375 0.25390625
1 0.23828125 0.15625 0.03046875 0.05390625
1 0.24609375 0.36015625 0.0609375 0.1125
1 0.2890625 0.18515625 0.0328125 0.0625
1 0.49296875 0.84609375 0.1125 0.3
1 0.34375 0.2625 0.03984375 0.09140625
1 0.33671875 0.4375 0.05859375 0.15
1 0.42734375 0.23359375 0.0375 0.06640625
1 0.47265625 0.34375 0.06328125 0.1625
1 0.28984375 0.06640625 0.02109375 0.03359375
1 0.409375 0.18359375 0.03046875 0.05859375
1 0.34140625 0.16484375 0.03046875 0.05390625
1 0.4390625 0.29140625 0.0328125 0.075
1 0.33828125 0.11484375 0.0234375 0.04609375
1 0.39453125 0.125 0.0328125 0.05859375