1 0.7921875 0.69765625 0.11953125 0.2375
1 0.13359375 0.67109375 0.1078125 0.2
1 0.34375 0.35 0.04921875 0.10859375
1 0.23671875 0.15390625 0.0375 0.05859375
1 0.35078125 0.25625 0.03984375 0.07890625
1 0.48359375 0.62734375 0.075 0.19609375
1 0.23359375 0.45234375 0.07265625 0.14609375
1 0.29375 0.6125 0.09375 0.23359375
1 0.4859375 0.45859375 0.065625 0.16640625
1 0.25703125 0.33515625 0.05390625 0.1125
1 0.37578125 0.08515625 0.0234375 0.0375
1 0.2890625 0.05234375 0.01875 0.02890625
1 0.41640625 0.2 0.03046875 0.05
1 0.4375 0.25234375 0.03515625 0.07109375
1 0.46953125 0.34375 0.065625 0.12109375
1 0.34140625 0.19140625 0.03046875 0.05
1 0.35546875 0.05625 0.02109375 0.02890625
1 0.31484375 0.00625 0.0140625 0.0125
1 0.4046875 0.17109375 0.02578125 0.04140625
1 0.35078125 0.03359375 0.01640625 0.03359375
1 0.38515625 0.1375 0.0234375 0.04140625
1 0.3359375 0.13984375 0.0234375 0.04609375
1 0.325 0.075 0.03515625 0.05859375