1 0.28984375 0.18359375 0.03046875 0.05859375
1 0.4765625 0.38359375 0.0609375 0.15859375
1 0.26640625 0.73359375 0.11484375 0.26640625
1 0.303125 0.38984375 0.0515625 0.1125
1 0.2390625 0.15390625 0.0328125 0.05859375
1 0.40390625 0.15234375 0.0328125 0.05390625
1 0.29375 0.03984375 0.01875 0.0375
1 0.34140625 0.21015625 0.04453125 0.12890625
1 0.37109375 0.07109375 0.0234375 0.05
1 0.31796875 0.03125 0.01640625 0.02109375
1 0.35234375 0.025 0.0234375 0.04140625
1 0.31484375 0.00859375 0.0140625 0.01640625
1 0.32734375 0.07265625 0.02578125 0.04609375
0 0.128125 0.67109375 0.25625 0.65