1 0.84375 0.65234375 0.11484375 0.22109375
1 0.5 0.63984375 0.0796875 0.2125
1 0.42109375 0.19609375 0.03515625 0.06640625
1 0.06796875 0.85390625 0.1359375 0.28359375
1 0.2984375 0.15390625 0.0328125 0.04140625
1 0.31796875 0.02890625 0.01640625 0.03359375
1 0.36875 0.07109375 0.0234375 0.025
1 0.23828125 0.15859375 0.03046875 0.05859375
1 0.2921875 0.09765625 0.02109375 0.0375
1 0.33828125 0.18984375 0.0375 0.10390625
1 0.34765625 0.03125 0.01875 0.02890625
1 0.2921875 0.02265625 0.01171875 0.02109375
1 0.21484375 0.15625 0.02109375 0.04609375
0 0.1828125 0.8375 0.196875 0.31640625