1 0.0703125 0.8 0.1265625 0.23359375
1 0.23828125 0.15625 0.03515625 0.05390625
1 0.5109375 0.58125 0.06796875 0.17109375
1 0.28046875 0.57734375 0.08671875 0.19609375
1 0.34296875 0.21015625 0.0375 0.0625
1 0.2921875 0.12265625 0.02578125 0.04609375
1 0.46328125 0.30390625 0.04921875 0.09140625
1 0.29140625 0.06015625 0.01875 0.02890625
1 0.3359375 0.35390625 0.046875 0.1
1 0.3265625 0.06640625 0.01875 0.03359375
1 0.40234375 0.15859375 0.03046875 0.05
1 0.36953125 0.07265625 0.02109375 0.0375
1 0.31328125 0.00234375 0.01640625 0.00390625