1 0.340625 0.19609375 0.0328125 0.06640625
1 0.33359375 0.12109375 0.0234375 0.04140625
1 0.23671875 0.15859375 0.0328125 0.05859375
1 0.471875 0.36015625 0.0515625 0.1125
1 0.39296875 0.13125 0.02578125 0.04609375
1 0.42734375 0.20625 0.0375 0.0625
1 0.28046875 0.27109375 0.03984375 0.08359375
1 0.3625 0.06484375 0.02109375 0.02890625
1 0.32265625 0.03984375 0.02109375 0.04609375
1 0.29375 0.0625 0.01875 0.03359375
1 0.34296875 0.0125 0.0140625 0.01640625
1 0.2921875 0.03125 0.01640625 0.02890625
2 0.31796875 0.44375 0.07734375 0.2125