1 0.4765625 0.43359375 0.05625 0.11640625
1 0.03046875 0.92109375 0.0609375 0.15
1 0.30625 0.65390625 0.09140625 0.20859375
1 0.23828125 0.15390625 0.03046875 0.05859375
1 0.42734375 0.23984375 0.0421875 0.07890625
1 0.32734375 0.48359375 0.06328125 0.13359375
1 0.29140625 0.14375 0.028125 0.04609375
1 0.19140625 0.97734375 0.10546875 0.0375
1 0.2703125 0.29765625 0.0421875 0.07109375
1 0.5328125 0.8625 0.0984375 0.26640625
1 0.3484375 0.20625 0.03515625 0.0625
1 0.35 0.27890625 0.0375 0.08359375
1 0.35703125 0.04765625 0.01875 0.02890625
1 0.3171875 0.01015625 0.01875 0.0203125
1 0.34140625 0.15859375 0.03046875 0.05
1 0.40703125 0.17109375 0.03515625 0.05859375
1 0.33203125 0.35234375 0.04921875 0.12109375
1 0.334375 0.12109375 0.02578125 0.05
1 0.34609375 0.02265625 0.01640625 0.02109375
1 0.390625 0.12109375 0.03046875 0.04140625
1 0.371875 0.08125 0.01640625 0.0375
1 0.29140625 0.01015625 0.0140625 0.0203125
1 0.325 0.04609375 0.01171875 0.01640625
1 0.2921875 0.06640625 0.01640625 0.025