1 0.184375 0.58359375 0.10078125 0.2
1 0.23828125 0.15625 0.03515625 0.05390625
1 0.03203125 0.9375 0.06328125 0.11640625
1 0.34296875 0.28359375 0.0375 0.075
1 0.47734375 0.89765625 0.11484375 0.19609375
1 0.26328125 0.73359375 0.1125 0.25859375
1 0.28984375 0.14140625 0.02578125 0.05
1 0.33671875 0.41875 0.05859375 0.1375
1 0.415625 0.19765625 0.0328125 0.05390625
1 0.240625 0.39609375 0.06328125 0.13359375
1 0.34296875 0.2 0.028125 0.05859375
1 0.44453125 0.2625 0.04453125 0.075
1 0.49375 0.54765625 0.07734375 0.22109375
1 0.29453125 0.02109375 0.01640625 0.01640625
1 0.40625 0.17109375 0.028125 0.04140625
1 0.33984375 0.01015625 0.0140625 0.0203125
1 0.390625 0.1375 0.03046875 0.04140625
1 0.31484375 0.00859375 0.0140625 0.01640625
1 0.38125 0.1125 0.02578125 0.03359375
1 0.47421875 0.36015625 0.075 0.17890625
1 0.33359375 0.11640625 0.0375 0.05859375