1 0.2203125 0.84140625 0.1359375 0.30859375
1 0.8125 0.82890625 0.1171875 0.275
1 0.33828125 0.25390625 0.0375 0.075
1 0.48671875 0.5 0.05859375 0.14140625
1 0.16171875 0.59765625 0.103125 0.1875
1 0.23828125 0.15390625 0.03046875 0.05859375
1 0.3390625 0.16015625 0.03046875 0.05390625
1 0.32734375 0.43359375 0.06328125 0.15859375
1 0.46796875 0.37265625 0.05390625 0.1125
1 0.28984375 0.09609375 0.02578125 0.05859375
1 0.4953125 0.76015625 0.103125 0.2625
1 0.32734375 0.08515625 0.02109375 0.0375
1 0.41171875 0.17734375 0.03515625 0.05390625
1 0.45390625 0.25390625 0.04453125 0.09140625
1 0.29140625 0.03125 0.0140625 0.02109375
1 0.37578125 0.10390625 0.028125 0.05
1 0.32421875 0.05234375 0.01875 0.02109375
1 0.37109375 0.07265625 0.01875 0.02890625
1 0.36015625 0.04765625 0.02109375 0.02890625
1 0.31796875 0.03125 0.01640625 0.02109375
1 0.34765625 0.02265625 0.0140625 0.02109375
1 0.39765625 0.13984375 0.03046875 0.05390625
1 0.3125 0.00390625 0.015625 0.0078125