1 0.30625 0.59765625 0.08203125 0.1875
1 0.4890625 0.51875 0.06796875 0.1625
1 0.23828125 0.15625 0.03046875 0.05390625
1 0.34140625 0.25234375 0.03515625 0.07109375
1 0.321875 0.04609375 0.0234375 0.04140625
1 0.33359375 0.10859375 0.0234375 0.04140625
1 0.34140625 0.15625 0.03046875 0.05390625
1 0.2875 0.175 0.03046875 0.05
1 0.43203125 0.22734375 0.0375 0.05390625
1 0.284375 0.05390625 0.0234375 0.03359375
1 0.3546875 0.04140625 0.0140625 0.03359375
1 0.4703125 0.30390625 0.04921875 0.10859375
1 0.3859375 0.125 0.03046875 0.05859375
1 0.41171875 0.175 0.03515625 0.05859375
1 0.3640625 0.05625 0.01875 0.02890625
1 0.3734375 0.075 0.0234375 0.03359375
1 0.29375 0.03359375 0.0140625 0.025
1 0.38125 0.1 0.02578125 0.04140625
2 0.10546875 0.73359375 0.1828125 0.325