1 0.18671875 0.52109375 0.09140625 0.15859375
1 0.49375 0.5 0.06328125 0.14140625
1 0.23671875 0.15390625 0.0328125 0.05859375
1 0.10546875 0.74765625 0.1359375 0.2625
1 0.33125 0.44765625 0.0609375 0.12890625
1 0.33203125 0.1375 0.02578125 0.05
1 0.446875 0.2875 0.04453125 0.075
1 0.41796875 0.19765625 0.0375 0.0625
1 0.28984375 0.0875 0.02109375 0.05
1 0.2828125 0.17890625 0.03984375 0.1
1 0.38984375 0.14375 0.028125 0.04609375
1 0.28984375 0.04140625 0.01640625 0.025
1 0.3390625 0.225 0.03515625 0.06640625
1 0.265625 0.27109375 0.0515625 0.05859375
1 0.31796875 0.01640625 0.01640625 0.025
1 0.36484375 0.0625 0.02578125 0.05
1 0.32734375 0.05859375 0.01640625 0.01640625
1 0.3203125 0.03984375 0.01640625 0.02890625
1 0.25703125 0.33515625 0.08203125 0.12109375
1 0.378125 0.09375 0.0234375 0.0375
0 0.10546875 0.93515625 0.2109375 0.12109375