1 0.2890625 0.55390625 0.0796875 0.175
1 0.28203125 0.24375 0.0375 0.07109375
1 0.49140625 0.65625 0.08671875 0.22109375
1 0.29140625 0.08359375 0.0234375 0.04140625
1 0.42265625 0.2 0.0375 0.06640625
1 0.23671875 0.15859375 0.0328125 0.05859375
1 0.23125 0.425 0.07265625 0.13359375
1 0.46796875 0.3625 0.04921875 0.11640625
1 0.33828125 0.2375 0.0421875 0.075
1 0.3546875 0.05234375 0.01875 0.02890625
1 0.3359375 0.14609375 0.028125 0.05
1 0.33828125 0.00859375 0.0140625 0.01640625
1 0.38515625 0.11484375 0.028125 0.04609375
1 0.31953125 0.03359375 0.01875 0.025
1 0.31484375 0.00859375 0.0140625 0.01640625