1 0.2875 0.21640625 0.03515625 0.05859375
1 0.34609375 0.25 0.03984375 0.075
1 0.23828125 0.15625 0.03046875 0.05390625
1 0.33828125 0.35625 0.046875 0.10390625
1 0.28671875 0.14765625 0.028125 0.04609375
1 0.48359375 0.54140625 0.065625 0.16640625
1 0.471875 0.375 0.0609375 0.14140625
1 0.23671875 0.37890625 0.0609375 0.10859375
1 0.28671875 0.57109375 0.103125 0.23359375
1 0.33828125 0.14140625 0.0328125 0.08359375
1 0.29140625 0.04609375 0.01875 0.025
1 0.43515625 0.22109375 0.05859375 0.11640625
1 0.3203125 0.04140625 0.01640625 0.025
1 0.31953125 0.025 0.0140625 0.01640625
1 0.33203125 0.0875 0.02109375 0.025
1 0.32734375 0.06484375 0.02109375 0.02890625
1 0.2890625 0.02109375 0.0140625 0.01640625
1 0.31484375 0.00625 0.0140625 0.0125
1 0.3390625 0.00859375 0.01640625 0.01640625
0 0.15390625 0.89765625 0.19453125 0.19609375
0 0.1078125 0.7 0.1453125 0.275
0 0.50859375 0.92890625 0.10078125 0.13359375