1 0.48828125 0.45234375 0.0609375 0.14609375
1 0.23828125 0.15625 0.03046875 0.05390625
1 0.4203125 0.18984375 0.0328125 0.05390625
1 0.334375 0.14140625 0.02578125 0.05
1 0.06484375 0.86015625 0.12890625 0.27109375
1 0.203125 0.96875 0.11015625 0.05390625
1 0.34296875 0.3625 0.046875 0.1
1 0.2875 0.06015625 0.02109375 0.02890625
1 0.325 0.07890625 0.02109375 0.03359375
1 0.33828125 0.01015625 0.0140625 0.0203125
1 0.39765625 0.13359375 0.02578125 0.04140625
1 0.36875 0.075 0.01875 0.03359375
1 0.31953125 0.01875 0.0140625 0.02890625
1 0.2875 0.11015625 0.03046875 0.0625
1 0.32421875 0.04375 0.0140625 0.02109375
1 0.38359375 0.1 0.02578125 0.025
1 0.29140625 0.01015625 0.0140625 0.0203125
1 0.31484375 0.48984375 0.0609375 0.10390625
0 0.51171875 0.80234375 0.0890625 0.29609375
0 0.453125 0.28984375 0.05625 0.10390625
0 0.28984375 0.55859375 0.09140625 0.2