1 0.50859375 0.60234375 0.07734375 0.19609375
1 0.146875 0.62109375 0.11484375 0.20859375
1 0.2390625 0.15625 0.0328125 0.05390625
1 0.19609375 0.9375 0.11953125 0.11640625
1 0.34296875 0.19375 0.0328125 0.0625
1 0.26796875 0.28359375 0.046875 0.08359375
1 0.340625 0.31875 0.046875 0.1125
1 0.340625 0.125 0.0234375 0.04140625
1 0.3109375 0.57890625 0.08203125 0.20859375
1 0.4296875 0.23984375 0.0375 0.0625
1 0.28984375 0.09375 0.02109375 0.0375
1 0.4765625 0.35234375 0.065625 0.1625
1 0.4953125 0.96484375 0.09375 0.0625
1 0.2890625 0.05390625 0.01875 0.025
1 0.4140625 0.19140625 0.03046875 0.05859375
1 0.39765625 0.13515625 0.03515625 0.0625
1 0.4421875 0.29765625 0.03515625 0.07890625
1 0.31796875 0.03984375 0.01640625 0.0375
1 0.31484375 0.00625 0.0140625 0.0125
1 0.3578125 0.04609375 0.01640625 0.025
1 0.37421875 0.08984375 0.02109375 0.0375
1 0.36484375 0.06875 0.02578125 0.0375
1 0.29375 0.025 0.0140625 0.01640625
1 0.32890625 0.08515625 0.028125 0.04609375
1 0.3875 0.1125 0.0234375 0.05