1 0.33203125 0.12109375 0.02578125 0.04140625
1 0.3734375 0.08984375 0.0234375 0.0375
1 0.23671875 0.15390625 0.0328125 0.05859375
1 0.39765625 0.13984375 0.02578125 0.04609375
1 0.2203125 0.8625 0.140625 0.26640625
1 0.2890625 0.09140625 0.0234375 0.03359375
1 0.29453125 0.05390625 0.02109375 0.03359375
1 0.31484375 0.00859375 0.0140625 0.01640625
1 0.32265625 0.03125 0.01640625 0.02890625
1 0.29140625 0.0125 0.0140625 0.01640625
1 0.33359375 0.22734375 0.0375 0.0875
1 0.32890625 0.20625 0.028125 0.04609375