1 0.3171875 0.50625 0.075 0.15390625
1 0.82890625 0.6375 0.1171875 0.2
1 0.2390625 0.15859375 0.0328125 0.05859375
1 0.4890625 0.65859375 0.08203125 0.24140625
1 0.49296875 0.45 0.0609375 0.14140625
1 0.2875 0.16640625 0.03046875 0.05
1 0.29140625 0.10390625 0.0234375 0.04140625
1 0.13515625 0.65390625 0.11953125 0.2
1 0.39765625 0.15390625 0.02578125 0.05
1 0.3453125 0.33984375 0.046875 0.09609375
1 0.34765625 0.24140625 0.0375 0.08359375
1 0.43046875 0.26015625 0.03046875 0.07109375
1 0.29140625 0.05859375 0.01875 0.03359375
1 0.2546875 0.33359375 0.05390625 0.10859375
1 0.4140625 0.2 0.03515625 0.05
1 0.46484375 0.30859375 0.0609375 0.14140625
1 0.34140625 0.17109375 0.03046875 0.05
1 0.35703125 0.05 0.01875 0.025
1 0.34765625 0.025 0.0140625 0.025
1 0.38046875 0.09375 0.028125 0.04609375
1 0.29140625 0.01875 0.0140625 0.02109375