1 0.32890625 0.38515625 0.0515625 0.1125
1 0.38828125 0.10859375 0.02578125 0.04140625
1 0.45078125 0.25390625 0.0421875 0.075
1 0.48125 0.42734375 0.05625 0.1375
1 0.29140625 0.16015625 0.028125 0.04609375
1 0.240625 0.15625 0.03046875 0.05390625
1 0.29140625 0.09609375 0.0234375 0.03359375
1 0.35546875 0.0375 0.01640625 0.025
1 0.32421875 0.04609375 0.01875 0.03359375
1 0.334375 0.09375 0.02109375 0.0375
1 0.2125 0.8 0.09609375 0.2
1 0.24140625 0.7 0.0890625 0.125
1 0.31171875 0.00390625 0.0140625 0.0078125
1 0.34140625 0.13515625 0.02109375 0.04609375
0 0.2484375 0.32890625 0.075 0.13359375