1 0.23671875 0.15859375 0.0328125 0.05859375
1 0.27734375 0.65234375 0.0890625 0.20390625
1 0.334375 0.1625 0.03046875 0.05859375
1 0.40234375 0.16484375 0.03046875 0.05390625
1 0.32890625 0.09140625 0.0234375 0.04140625
1 0.2296875 0.41875 0.075 0.14609375
1 0.28984375 0.08515625 0.02109375 0.02890625
1 0.36484375 0.07109375 0.02109375 0.03359375
1 0.484375 0.44765625 0.05390625 0.10390625
1 0.33828125 0.01015625 0.0171875 0.0203125
1 0.446875 0.27265625 0.04453125 0.0875
1 0.31484375 0.00234375 0.0140625 0.00390625
1 0.48203125 0.38359375 0.03515625 0.04140625
1 0.2890625 0.00859375 0.0140625 0.01640625