1 0.49140625 0.44375 0.06328125 0.12109375
1 0.2796875 0.69140625 0.09375 0.2
1 0.28203125 0.21015625 0.0328125 0.05390625
1 0.340625 0.46640625 0.0609375 0.13359375
1 0.23671875 0.15390625 0.0328125 0.05859375
1 0.42109375 0.20390625 0.03515625 0.05859375
1 0.45078125 0.27109375 0.0421875 0.075
1 0.5046875 0.84609375 0.09375 0.28359375
1 0.34140625 0.3375 0.04453125 0.09140625
1 0.2890625 0.12890625 0.0234375 0.04140625
1 0.38984375 0.1375 0.028125 0.05
1 0.340625 0.14375 0.028125 0.04609375
1 0.37421875 0.08125 0.02109375 0.0375
1 0.3453125 0.01875 0.0140625 0.02109375
1 0.3453125 0.2125 0.0328125 0.06640625
1 0.33203125 0.10859375 0.02109375 0.03359375
1 0.21015625 0.4875 0.06328125 0.1
1 0.3625 0.05625 0.02109375 0.02890625
1 0.29140625 0.02265625 0.0140625 0.02109375
1 0.22890625 0.43359375 0.05859375 0.08359375
1 0.3390625 0.28125 0.03515625 0.04609375
1 0.32265625 0.04140625 0.01640625 0.025
1 0.32890625 0.07734375 0.01875 0.02890625
1 0.36015625 0.03125 0.02109375 0.02109375
1 0.3203125 0.025 0.01640625 0.01640625
1 0.1796875 0.94765625 0.14296875 0.09609375
1 0.3171875 0.00859375 0.0140625 0.01640625
1 0.3390625 0.24140625 0.03515625 0.05
1 0.3265625 0.06015625 0.01875 0.02109375