1 0.1375 0.68515625 0.12421875 0.22109375
1 0.3015625 0.60859375 0.08203125 0.19140625
1 0.2828125 0.21875 0.03515625 0.0625
1 0.4578125 0.33125 0.0515625 0.1125
1 0.23828125 0.15625 0.03046875 0.05390625
1 0.29140625 0.05625 0.0234375 0.0375
1 0.3265625 0.42734375 0.05625 0.14609375
1 0.35 0.23984375 0.0328125 0.07109375
1 0.925 0.49765625 0.0890625 0.1125
1 0.4375 0.24609375 0.04453125 0.075
1 0.37421875 0.09140625 0.02109375 0.03359375
1 0.3484375 0.34765625 0.04921875 0.10390625
1 0.34609375 0.1875 0.03046875 0.05859375
1 0.36171875 0.05625 0.01875 0.0375
1 0.33828125 0.14140625 0.028125 0.05859375
1 0.4109375 0.17734375 0.0375 0.05390625
1 0.3203125 0.03515625 0.02109375 0.0375
1 0.3875 0.13359375 0.01875 0.05