1 0.5046875 0.6953125 0.071875 0.28359375
1 0.7640625 0.91796875 0.10390625 0.1640625
1 0.21328125 0.9203125 0.1265625 0.159375
1 0.065625 0.87890625 0.13125 0.24140625
2 0.29609375 0.55234375 0.10390625 0.321875
1 0.4796875 0.434375 0.05625 0.1453125
1 0.45234375 0.3078125 0.05703125 0.128125
1 0.3390625 0.3671875 0.06171875 0.13671875
2 0.25234375 0.34609375 0.053125 0.121875
1 0.34453125 0.2671875 0.05 0.07578125
2 0.428125 0.2015625 0.06875 0.11875
1 0.2375 0.1515625 0.0390625 0.07578125
1 0.28359375 0.18359375 0.0375 0.05546875
1 0.346875 0.1859375 0.028125 0.0609375
1 0.29296875 0.0875 0.03203125 0.05
1 0.3296875 0.05703125 0.0359375 0.0625