1 0.4234375 0.19375 0.03515625 0.0625
1 0.378125 0.1125 0.028125 0.04140625
1 0.2875 0.13515625 0.02109375 0.04609375
1 0.33359375 0.14140625 0.028125 0.05859375
1 0.4796875 0.47265625 0.05859375 0.15390625
1 0.23671875 0.15859375 0.0328125 0.05859375
1 0.2890625 0.05 0.01875 0.025
1 0.3203125 0.03515625 0.01640625 0.02109375
1 0.31796875 0.3875 0.05390625 0.11640625
1 0.31015625 0.01484375 0.0140625 0.02109375
1 0.26796875 0.30234375 0.046875 0.0875
1 0.34609375 0.02890625 0.01640625 0.01640625
1 0.3453125 0.0125 0.01875 0.025
0 0.28515625 0.55 0.10546875 0.28359375