1 0.2875 0.19375 0.03046875 0.05390625
1 0.4890625 0.52890625 0.06796875 0.175
1 0.3265625 0.05859375 0.01875 0.03359375
1 0.4015625 0.13515625 0.028125 0.04609375
1 0.29140625 0.575 0.084375 0.19140625
1 0.240625 0.15625 0.03046875 0.05390625
1 0.33671875 0.11875 0.02578125 0.04609375
1 0.2921875 0.11640625 0.02578125 0.04140625
1 0.46328125 0.30234375 0.04453125 0.0875
1 0.34375 0.17265625 0.02578125 0.05390625
1 0.3640625 0.05390625 0.01875 0.03359375
1 0.31484375 0.00859375 0.0140625 0.01640625
0 0.2125 0.43125 0.10078125 0.17109375