1 0.23828125 0.15625 0.03046875 0.05390625
1 0.2875 0.18125 0.03046875 0.05390625
1 0.33828125 0.27734375 0.0421875 0.07890625
1 0.40703125 0.15859375 0.03515625 0.05859375
1 0.46484375 0.32265625 0.046875 0.09609375
1 0.33203125 0.13125 0.02578125 0.04609375
1 0.29140625 0.125 0.0234375 0.04140625
1 0.3546875 0.04765625 0.01875 0.02890625
1 0.32734375 0.08515625 0.02109375 0.02890625
1 0.3484375 0.01640625 0.01640625 0.025
1 0.3359375 0.20859375 0.0328125 0.06640625
1 0.31953125 0.02265625 0.0140625 0.02109375
1 0.37109375 0.08125 0.0234375 0.0375
1 0.32265625 0.05 0.02109375 0.025
1 0.3171875 0.00625 0.0140625 0.0125
1 0.29375 0.03125 0.0140625 0.02109375
1 0.28984375 0.05 0.02109375 0.025
0 0.13046875 0.66640625 0.2609375 0.65859375