1 0.23828125 0.15625 0.03046875 0.05390625
1 0.50390625 0.68984375 0.08671875 0.2375
1 0.32890625 0.4625 0.0609375 0.125
1 0.3453125 0.21015625 0.0328125 0.0625
1 0.43203125 0.21875 0.0328125 0.0625
1 0.2875 0.10234375 0.02109375 0.0375
1 0.334375 0.12890625 0.02578125 0.04140625
1 0.465625 0.33984375 0.05859375 0.1125
1 0.38984375 0.11640625 0.028125 0.03359375
1 0.25703125 0.67734375 0.11484375 0.2375
1 0.40859375 0.16015625 0.0328125 0.04609375
1 0.2921875 0.03359375 0.01640625 0.025
1 0.37421875 0.08515625 0.02109375 0.0375
1 0.33203125 0.08359375 0.02109375 0.03359375
1 0.34609375 0.02734375 0.01640625 0.02109375
1 0.28984375 0.575 0.08203125 0.125
1 0.3390625 0.00625 0.01640625 0.0125
1 0.3265625 0.05859375 0.01875 0.025
1 0.315625 0.00625 0.01640625 0.0125
1 0.32421875 0.04140625 0.0140625 0.01640625
1 0.0046875 0.40390625 0.009375 0.075