1 0.23671875 0.88359375 0.1359375 0.225
1 0.45078125 0.30859375 0.0515625 0.1
1 0.315625 0.54375 0.07265625 0.15390625
1 0.23828125 0.15625 0.03046875 0.05390625
1 0.3578125 0.04609375 0.01640625 0.03359375
1 0.2890625 0.16015625 0.028125 0.05390625
1 0.29140625 0.03984375 0.01875 0.0375
1 0.3484375 0.22890625 0.03515625 0.06640625
1 0.4296875 0.225 0.0421875 0.06640625
1 0.40625 0.16484375 0.0375 0.04609375
1 0.37109375 0.08125 0.0234375 0.02890625
1 0.34609375 0.17890625 0.03046875 0.05
1 0.48828125 0.975 0.09375 0.04140625
1 0.3171875 0.02265625 0.021875 0.0453125
1 0.35 0.33984375 0.0421875 0.10390625
1 0.32734375 0.41015625 0.05859375 0.12890625
1 0.33671875 0.1375 0.02578125 0.05859375
1 0.38359375 0.12109375 0.01640625 0.04140625
1 0.4 0.125 0.03046875 0.04140625
1 0.325 0.06484375 0.01640625 0.02890625
1 0.22421875 0.44765625 0.05859375 0.09609375