1 0.23828125 0.15390625 0.03515625 0.05859375
1 0.30390625 0.21875 0.03515625 0.0625
1 0.37890625 0.09140625 0.02578125 0.04140625
1 0.35703125 0.0375 0.01875 0.03359375
1 0.3296875 0.36015625 0.04921875 0.1125
1 0.2921875 0.10859375 0.02578125 0.04140625
1 0.453125 0.27265625 0.046875 0.09609375
1 0.33671875 0.11875 0.03046875 0.0875
1 0.29375 0.01875 0.0140625 0.02109375
1 0.33828125 0.01015625 0.0171875 0.0203125
1 0.321875 0.03515625 0.0234375 0.0375
2 0.178125 0.49765625 0.2296875 0.57109375