1 0.19921875 0.525 0.09375 0.16640625
1 0.23671875 0.15390625 0.0328125 0.05859375
1 0.29375 0.17109375 0.028125 0.05
1 0.27578125 0.23515625 0.03515625 0.0625
1 0.48359375 0.61875 0.075 0.19609375
1 0.428125 0.22109375 0.03984375 0.06640625
1 0.3109375 0.00625 0.02109375 0.0125
1 0.39921875 0.14765625 0.028125 0.04609375
1 0.33828125 0.40859375 0.05625 0.11640625
1 0.34375 0.26484375 0.03984375 0.0875
1 0.4859375 0.45625 0.065625 0.1625
1 0.2515625 0.35 0.05625 0.11640625
1 0.303125 0.07265625 0.0234375 0.04609375
1 0.34375 0.19609375 0.03515625 0.06640625
1 0.46953125 0.34375 0.065625 0.12109375
1 0.35 0.03984375 0.0140625 0.02890625
1 0.34296875 0.0125 0.01875 0.01640625
1 0.33828125 0.13359375 0.028125 0.04140625
1 0.38046875 0.11484375 0.0234375 0.02890625
1 0.36484375 0.08515625 0.02109375 0.02890625
1 0.11171875 0.77734375 0.04453125 0.12109375
1 0.3296875 0.09375 0.02109375 0.0375
1 0.334375 0.10234375 0.01640625 0.02109375
0 0.76328125 0.74140625 0.26328125 0.50859375