1 0.27265625 0.72890625 0.1078125 0.24140625
1 0.49765625 0.48515625 0.0609375 0.1375
1 0.23828125 0.15390625 0.03046875 0.05859375
1 0.34296875 0.22734375 0.0328125 0.0625
1 0.10703125 0.73984375 0.13359375 0.24609375
1 0.47265625 0.35234375 0.04921875 0.1125
1 0.40703125 0.15390625 0.03046875 0.05
1 0.51328125 0.78125 0.09140625 0.30390625
1 0.27578125 0.24140625 0.03984375 0.075
1 0.32265625 0.05390625 0.01640625 0.03359375
1 0.4328125 0.23359375 0.04921875 0.08359375
1 0.2890625 0.04375 0.0234375 0.04609375
1 0.3875 0.10625 0.0234375 0.0375
1 0.36484375 0.0625 0.02109375 0.03359375
1 0.37578125 0.08125 0.0234375 0.02890625
1 0.31796875 0.02265625 0.01640625 0.02109375
1 0.315625 0.00625 0.01171875 0.0125
0 0.33359375 0.34765625 0.0609375 0.12890625