1 0.32890625 0.27734375 0.0375 0.07890625
1 0.28671875 0.11875 0.0234375 0.0375
1 0.23828125 0.15625 0.03046875 0.05390625
1 0.48828125 0.54140625 0.065625 0.15859375
1 0.284375 0.17890625 0.028125 0.05
1 0.44453125 0.27265625 0.04453125 0.07890625
1 0.47421875 0.37734375 0.046875 0.10390625
1 0.415625 0.17109375 0.0328125 0.06640625
1 0.3390625 0.13515625 0.02578125 0.04609375
1 0.378125 0.10234375 0.0234375 0.0375
1 0.39453125 0.13359375 0.028125 0.04140625
1 0.34609375 0.01875 0.01640625 0.0125
1 0.31953125 0.04140625 0.0140625 0.025
1 0.315625 0.01640625 0.01171875 0.01640625
1 0.3078125 0.18984375 0.0140625 0.0375
1 0.3640625 0.075 0.0234375 0.04140625
1 0.359375 0.04375 0.01875 0.02109375
1 0.33359375 0.09765625 0.0234375 0.02890625
1 0.94375 0.425 0.0515625 0.075
1 0.32890625 0.06875 0.01875 0.02109375
1 0.33984375 0.00390625 0.0140625 0.0078125
1 0.31171875 0.00390625 0.0140625 0.0078125
2 0.2203125 0.4375 0.075 0.15