1 0.85078125 0.70625 0.11484375 0.2375
1 0.4890625 0.43359375 0.05859375 0.11640625
1 0.315625 0.52890625 0.07265625 0.15
1 0.23828125 0.15625 0.03515625 0.05390625
1 0.12109375 0.71015625 0.13359375 0.24609375
1 0.28671875 0.14609375 0.028125 0.05
1 0.509375 0.60859375 0.075 0.21640625
1 0.221875 0.90234375 0.13828125 0.1875
1 0.46328125 0.31484375 0.04921875 0.10390625
1 0.42265625 0.20390625 0.046875 0.075
1 0.33671875 0.15390625 0.02578125 0.05
1 0.2546875 0.35625 0.05390625 0.09609375
1 0.34140625 0.2625 0.04921875 0.1
1 0.4 0.13515625 0.02578125 0.04609375
1 0.2890625 0.02734375 0.01875 0.02890625
1 0.31796875 0.02734375 0.01640625 0.02109375
1 0.36171875 0.05859375 0.0140625 0.03359375
1 0.38359375 0.09765625 0.02578125 0.0375
1 0.31484375 0.00625 0.0140625 0.0125
1 0.3734375 0.075 0.0234375 0.03359375