1 0.484375 0.8375 0.08671875 0.28359375
1 0.32421875 0.4125 0.0515625 0.10859375
1 0.428125 0.22734375 0.03984375 0.07890625
1 0.471875 0.35234375 0.0515625 0.1125
1 0.23671875 0.15859375 0.0328125 0.05859375
1 0.3296875 0.11484375 0.02578125 0.04609375
1 0.2734375 0.27109375 0.04453125 0.09140625
1 0.3875 0.13125 0.028125 0.04609375
1 0.32421875 0.06015625 0.01875 0.0375
1 0.2890625 0.05625 0.01875 0.02890625
1 0.01640625 0.96640625 0.0328125 0.05859375
1 0.3359375 0.00390625 0.01875 0.0078125
1 0.35546875 0.05 0.02109375 0.03359375