1 0.325 0.35859375 0.04921875 0.1
1 0.23671875 0.15625 0.0328125 0.05390625
1 0.10546875 0.70625 0.13125 0.22890625
1 0.475 0.41484375 0.05390625 0.12890625
1 0.28984375 0.0625 0.02109375 0.04140625
1 0.284375 0.19140625 0.0375 0.10859375
1 0.3640625 0.05625 0.01875 0.02109375
1 0.35078125 0.025 0.01640625 0.025
1 0.325 0.06015625 0.02109375 0.02890625
1 0.3390625 0.00859375 0.01171875 0.01640625
1 0.29375 0.02109375 0.0140625 0.01640625
1 0.31484375 0.00625 0.0140625 0.0125
1 0.321875 0.03125 0.0234375 0.02109375