1 0.47734375 0.46640625 0.05859375 0.13359375
1 0.0671875 0.85390625 0.13359375 0.28359375
1 0.4515625 0.30390625 0.04453125 0.08359375
1 0.42734375 0.22109375 0.0375 0.06640625
1 0.34609375 0.29140625 0.03984375 0.08359375
1 0.23828125 0.15625 0.03046875 0.05390625
1 0.29140625 0.13515625 0.028125 0.0625
1 0.284375 0.6875 0.0984375 0.225
1 0.41328125 0.16484375 0.0375 0.07109375
1 0.31796875 0.03359375 0.01640625 0.03359375
1 0.2921875 0.04375 0.01640625 0.02890625
1 0.32421875 0.0625 0.01875 0.025
1 0.38515625 0.11484375 0.0234375 0.0375
1 0.28984375 0.08984375 0.02109375 0.02890625
1 0.371875 0.08515625 0.02578125 0.05390625
1 0.39765625 0.13984375 0.02578125 0.05390625
1 0.34375 0.17890625 0.03515625 0.06640625
1 0.25625 0.34765625 0.05625 0.09609375