1 0.175 0.575 0.09140625 0.16640625
1 0.1921875 0.86015625 0.1453125 0.27109375
1 0.2359375 0.15625 0.03515625 0.05390625
1 0.34765625 0.29375 0.0421875 0.0875
1 0.48359375 0.61875 0.075 0.19609375
1 0.24375 0.41484375 0.065625 0.12890625
1 0.3265625 0.45859375 0.065625 0.16640625
1 0.35 0.22109375 0.0375 0.06640625
1 0.03203125 0.91484375 0.06328125 0.1625
1 0.484375 0.45625 0.06796875 0.1625
1 0.2640625 0.30859375 0.04921875 0.1
1 0.33359375 0.12109375 0.0234375 0.04140625
1 0.28984375 0.03125 0.01640625 0.02109375
1 0.415625 0.19765625 0.0328125 0.05390625
1 0.43671875 0.25234375 0.0328125 0.07109375
1 0.46953125 0.34375 0.065625 0.12109375
1 0.36875 0.07265625 0.0234375 0.02890625
1 0.76328125 0.93359375 0.1078125 0.125
1 0.3390625 0.16640625 0.02578125 0.05
1 0.32265625 0.06484375 0.03046875 0.05390625
1 0.35078125 0.04140625 0.01640625 0.025
1 0.40234375 0.17109375 0.02578125 0.04140625
1 0.36484375 0.04765625 0.01171875 0.02109375
1 0.3859375 0.13515625 0.02578125 0.04609375
1 0.9 0.49140625 0.12890625 0.18359375
1 0.3203125 0.03359375 0.03046875 0.05859375
1 0.31171875 0.00390625 0.0140625 0.0078125