1 0.2875 0.65859375 0.09140625 0.19140625
1 0.34140625 0.44609375 0.05859375 0.125
1 0.23671875 0.15390625 0.0328125 0.05859375
1 0.3828125 0.12109375 0.028125 0.05
1 0.43984375 0.24140625 0.03984375 0.06640625
1 0.28984375 0.09765625 0.02109375 0.0375
1 0.284375 0.1625 0.028125 0.04140625
1 0.78671875 0.87890625 0.1265625 0.23359375
1 0.47890625 0.38125 0.05625 0.10390625
1 0.36875 0.07109375 0.0234375 0.03359375
1 0.05078125 0.8875 0.10078125 0.21640625
1 0.415625 0.1875 0.0328125 0.05859375
1 0.33671875 0.12890625 0.02578125 0.04140625
1 0.259375 0.34375 0.04453125 0.07109375
1 0.50234375 0.67890625 0.075 0.20859375
1 0.340625 0.26015625 0.0375 0.05390625
1 0.34375 0.19765625 0.03046875 0.0625
1 0.359375 0.04609375 0.01875 0.025
1 0.34296875 0.01015625 0.0140625 0.0203125
1 0.3296875 0.09140625 0.02109375 0.04140625
1 0.35703125 0.02265625 0.01875 0.02109375
1 0.34296875 0.32734375 0.0421875 0.0875
1 0.33828125 0.22734375 0.0375 0.05390625
1 0.26796875 0.30859375 0.0421875 0.06640625
2 0.1796875 0.90390625 0.18046875 0.18359375