1 0.28515625 0.16015625 0.03046875 0.04609375
1 0.23828125 0.15625 0.03046875 0.05390625
1 0.44609375 0.2625 0.0375 0.075
1 0.35078125 0.27890625 0.03515625 0.075
1 0.34296875 0.18515625 0.028125 0.05390625
1 0.39921875 0.13984375 0.028125 0.0375
1 0.41875 0.18984375 0.03515625 0.05390625
1 0.48203125 0.44375 0.06796875 0.15390625
1 0.2921875 0.05859375 0.01640625 0.03359375
1 0.33203125 0.09375 0.02109375 0.04609375
1 0.353125 0.04765625 0.01640625 0.02109375
1 0.34375 0.13359375 0.02578125 0.04140625
1 0.29140625 0.02265625 0.0140625 0.0125
1 0.3203125 0.02890625 0.01640625 0.01640625
1 0.3203125 0.51484375 0.06796875 0.1375
1 0.38125 0.10859375 0.02109375 0.025
1 0.34609375 0.02109375 0.01640625 0.025
1 0.37890625 0.0875 0.01640625 0.01640625
1 0.31640625 0.01015625 0.0140625 0.0203125
1 0.2984375 0.65 0.0421875 0.13359375
1 0.33515625 0.00390625 0.0140625 0.0078125
0 0.234375 0.77265625 0.121875 0.27890625
2 0.259375 0.3 0.06328125 0.13359375