1 0.23671875 0.15625 0.0328125 0.05390625
1 0.24609375 0.34375 0.05625 0.09609375
1 0.49140625 0.72734375 0.08203125 0.2625
1 0.33828125 0.18125 0.0328125 0.07109375
1 0.29921875 0.05859375 0.02109375 0.03359375
1 0.278125 0.55390625 0.09140625 0.19140625
1 0.47734375 0.41640625 0.05390625 0.125
1 0.74765625 0.92734375 0.11015625 0.1375
1 0.39921875 0.13359375 0.028125 0.05
1 0.28984375 0.10234375 0.02109375 0.0375
1 0.315625 0.0125 0.01640625 0.025
1 0.0609375 0.86015625 0.121875 0.27109375
1 0.33125 0.07265625 0.01875 0.0375
1 0.34609375 0.01484375 0.01640625 0.02109375