1 0.23828125 0.15390625 0.03515625 0.05859375
1 0.26640625 0.71015625 0.09609375 0.22890625
1 0.33203125 0.1125 0.02578125 0.04140625
1 0.4984375 0.60859375 0.08203125 0.225
1 0.2921875 0.13515625 0.03046875 0.0625
1 0.3390625 0.22890625 0.04453125 0.1
1 0.3265625 0.05859375 0.01875 0.03359375
1 0.23125 0.45 0.07734375 0.14140625
1 0.4609375 0.30859375 0.04921875 0.09140625
1 0.28984375 0.05390625 0.02109375 0.03359375
1 0.415625 0.18125 0.0375 0.07890625
1 0.39296875 0.10859375 0.03984375 0.075
1 0.315625 0.00625 0.01640625 0.0125
1 0.296875 0.09140625 0.01171875 0.025
0 0.31484375 0.46484375 0.084375 0.2625
0 0.0796875 0.78984375 0.159375 0.4125