1 0.23828125 0.15625 0.03046875 0.05390625
1 0.49609375 0.63359375 0.07734375 0.2
1 0.428125 0.20390625 0.03984375 0.06640625
1 0.29140625 0.11015625 0.0234375 0.0375
1 0.2890625 0.07109375 0.01875 0.025
1 0.33671875 0.14375 0.02578125 0.04609375
1 0.378125 0.09765625 0.0234375 0.0375
1 0.34296875 0.02109375 0.0140625 0.01640625
1 0.3265625 0.07265625 0.01875 0.02890625
1 0.3546875 0.04140625 0.01875 0.025
1 0.325 0.11015625 0.02109375 0.0375
1 0.3203125 0.04375 0.01640625 0.02109375
1 0.3125 0.00390625 0.0125 0.0078125
1 0.29140625 0.01875 0.0140625 0.02109375
1 0.3171875 0.02109375 0.0140625 0.01640625
1 0.33828125 0.00234375 0.0140625 0.00390625
0 0.24140625 0.3125 0.1265625 0.29140625