1 0.48828125 0.59609375 0.071875 0.2046875
2 0.2671875 0.68984375 0.12578125 0.31875
2 0.07265625 0.82890625 0.1453125 0.3421875
1 0.21953125 0.4453125 0.09375 0.153125
1 0.34453125 0.396875 0.0625 0.12109375
1 0.47734375 0.40703125 0.0578125 0.16875
1 0.3515625 0.278125 0.0453125 0.06875
1 0.28671875 0.246875 0.05859375 0.08125
2 0.44140625 0.2265625 0.05078125 0.14765625
1 0.240625 0.15859375 0.0390625 0.08046875
1 0.2875 0.1703125 0.0359375 0.0625
2 0.33671875 0.159375 0.0390625 0.10078125
1 0.32734375 0.07421875 0.01796875 0.0453125
1 0.29453125 0.0578125 0.01328125 0.03046875