1 0.21796875 0.48984375 0.084375 0.1375
1 0.3171875 0.55234375 0.075 0.17109375
1 0.01796875 0.95625 0.03515625 0.07890625
1 0.23828125 0.15390625 0.03046875 0.05859375
1 0.37578125 0.08359375 0.0234375 0.03359375
1 0.26875 0.3125 0.05390625 0.09140625
1 0.48359375 0.61875 0.075 0.19609375
1 0.2875 0.17109375 0.03046875 0.05859375
1 0.2875 0.10859375 0.02109375 0.05
1 0.484375 0.45234375 0.06796875 0.17109375
1 0.2921875 0.0625 0.01640625 0.03359375
1 0.2921875 0.03125 0.01640625 0.02890625
1 0.33203125 0.10234375 0.02109375 0.04609375
1 0.46796875 0.32734375 0.06328125 0.12109375
1 0.33828125 0.13515625 0.0234375 0.04609375
1 0.353125 0.04609375 0.01640625 0.025
1 0.3265625 0.06015625 0.01875 0.02890625
2 0.34140625 0.25 0.04453125 0.13359375