1 0.484375 0.6125 0.07265625 0.19140625
1 0.184375 0.52109375 0.09140625 0.15859375
1 0.2390625 0.15625 0.0328125 0.05390625
1 0.0390625 0.91015625 0.07734375 0.17109375
1 0.32890625 0.4875 0.0609375 0.15
1 0.28046875 0.28125 0.04453125 0.07890625
1 0.2875 0.19140625 0.03515625 0.05859375
1 0.2921875 0.08359375 0.02109375 0.03359375
1 0.484375 0.44140625 0.06796875 0.16640625
1 0.3484375 0.02265625 0.01640625 0.02890625
1 0.2875 0.03984375 0.01640625 0.02890625
1 0.32421875 0.05859375 0.01875 0.03359375
1 0.3390625 0.17109375 0.03515625 0.1
1 0.4421875 0.2375 0.06328125 0.125
1 0.3484375 0.29765625 0.04453125 0.0875
1 0.31796875 0.025 0.01640625 0.025
1 0.3296875 0.08984375 0.02109375 0.0375
1 0.2921875 0.01875 0.01171875 0.0125
1 0.33828125 0.00625 0.0140625 0.0125
0 0.20078125 0.83359375 0.18046875 0.325