1 0.178125 0.53984375 0.0984375 0.17890625
1 0.35078125 0.04140625 0.02109375 0.03359375
1 0.33671875 0.29140625 0.03984375 0.08359375
1 0.41640625 0.19609375 0.03515625 0.05859375
1 0.303125 0.19765625 0.0328125 0.05390625
1 0.23671875 0.15390625 0.0328125 0.05859375
1 0.50703125 0.72734375 0.0796875 0.27109375
1 0.3390625 0.00859375 0.01640625 0.01640625
1 0.31796875 0.01640625 0.01640625 0.025
1 0.2734375 0.57109375 0.09140625 0.20859375
1 0.30546875 0.00859375 0.0140625 0.01640625
2 0.28515625 0.06875 0.03515625 0.09609375