1 0.284375 0.21640625 0.0375 0.06640625
1 0.41796875 0.1875 0.0375 0.06640625
1 0.303125 0.48984375 0.075 0.1375
1 0.29140625 0.07109375 0.0234375 0.04140625
1 0.23671875 0.15859375 0.0328125 0.05859375
1 0.49375 0.59375 0.06796875 0.19609375
1 0.3390625 0.21484375 0.03984375 0.07109375
1 0.465625 0.36015625 0.04453125 0.07109375
1 0.2515625 0.36875 0.0609375 0.1125
1 0.38046875 0.10234375 0.0234375 0.04609375
1 0.17109375 0.9625 0.121875 0.06640625
1 0.3546875 0.04765625 0.01875 0.02890625
1 0.31796875 0.025 0.01640625 0.025
1 0.31484375 0.00625 0.0140625 0.0125
1 0.334375 0.13125 0.02578125 0.04609375
1 0.46015625 0.31875 0.028125 0.04609375
1 0.3359375 0.00625 0.0140625 0.0125