1 0.1703125 0.55625 0.09609375 0.17109375
1 0.2875 0.2 0.03515625 0.05859375
1 0.23828125 0.15625 0.03046875 0.05390625
1 0.48359375 0.61640625 0.075 0.19140625
1 0.2921875 0.08984375 0.02109375 0.0375
1 0.278125 0.29609375 0.04453125 0.08359375
1 0.3484375 0.31015625 0.04453125 0.0875
1 0.484375 0.44765625 0.06796875 0.1625
1 0.340625 0.17734375 0.0375 0.10390625
1 0.35 0.02890625 0.01875 0.025
1 0.2875 0.04609375 0.01640625 0.03359375
1 0.325 0.06640625 0.02109375 0.04140625
1 0.3203125 0.54375 0.06328125 0.1125
1 0.33828125 0.01015625 0.0140625 0.0125
1 0.33203125 0.09375 0.02109375 0.0375
1 0.31953125 0.02734375 0.01875 0.02109375
1 0.9421875 0.46640625 0.07265625 0.13359375
1 0.32890625 0.47734375 0.05625 0.0875
0 0.1890625 0.86640625 0.17109375 0.25859375
2 0.44453125 0.24375 0.06328125 0.12890625