1 0.2890625 0.61875 0.0890625 0.1875
1 0.2296875 0.4125 0.0703125 0.11640625
1 0.2390625 0.15390625 0.0328125 0.05859375
1 0.48828125 0.49140625 0.065625 0.14140625
1 0.15 0.64375 0.1125 0.22890625
1 0.2890625 0.11640625 0.0375 0.06640625
1 0.034375 0.95234375 0.06796875 0.0875
1 0.44453125 0.27734375 0.03984375 0.07109375
1 0.321875 0.04375 0.01875 0.02890625
1 0.29140625 0.03359375 0.01875 0.04140625
1 0.38828125 0.14140625 0.02578125 0.03359375
1 0.4140625 0.19375 0.03515625 0.05390625
1 0.31484375 0.0125 0.0140625 0.025
1 0.371875 0.09375 0.02109375 0.0375
1 0.3265625 0.08125 0.01875 0.0375
1 0.38359375 0.11875 0.02578125 0.02890625
1 0.3546875 0.03515625 0.01875 0.02109375
1 0.33671875 0.12109375 0.01640625 0.01640625
1 0.36015625 0.05390625 0.02109375 0.03359375
1 0.3671875 0.05390625 0.01171875 0.025
0 0.3359375 0.22734375 0.0703125 0.20390625