1 0.334375 0.41640625 0.05859375 0.125
1 0.74765625 0.89765625 0.11484375 0.19609375
1 0.23828125 0.15390625 0.03515625 0.05859375
1 0.22421875 0.48125 0.07734375 0.15390625
1 0.09765625 0.76015625 0.12890625 0.22890625
1 0.484375 0.65390625 0.07734375 0.20859375
1 0.35078125 0.28515625 0.04453125 0.0875
1 0.24375 0.81484375 0.13125 0.3375
1 0.4859375 0.46484375 0.0703125 0.17109375
1 0.2515625 0.35859375 0.05625 0.11640625
1 0.4375 0.25234375 0.03515625 0.07109375
1 0.41640625 0.19765625 0.03046875 0.05390625
1 0.37890625 0.09609375 0.02578125 0.03359375
1 0.34375 0.2125 0.03046875 0.05859375
1 0.28984375 0.075 0.02109375 0.03359375
1 0.4703125 0.35 0.06796875 0.125
1 0.3546875 0.03984375 0.01875 0.02890625
1 0.33828125 0.15390625 0.028125 0.05
1 0.4046875 0.17109375 0.02578125 0.04140625
1 0.36015625 0.06640625 0.02109375 0.03359375
1 0.32421875 0.05390625 0.0328125 0.06640625
1 0.390625 0.14140625 0.03046875 0.03359375
1 0.31484375 0.01484375 0.0140625 0.0125
1 0.3359375 0.00390625 0.01875 0.0078125
1 0.32890625 0.08984375 0.0328125 0.05390625