1 0.9 0.52890625 0.09609375 0.14140625
1 0.50234375 0.68359375 0.0890625 0.25859375
1 0.278125 0.2125 0.03515625 0.06640625
1 0.29140625 0.10625 0.0234375 0.0375
1 0.23828125 0.15390625 0.03515625 0.05859375
1 0.4796875 0.44140625 0.05859375 0.13359375
1 0.02265625 0.97890625 0.04453125 0.03359375
1 0.34609375 0.20859375 0.03515625 0.06640625
1 0.28984375 0.06015625 0.02109375 0.02890625
1 0.32890625 0.06875 0.0234375 0.0625
1 0.4578125 0.31484375 0.05625 0.12109375
1 0.23359375 0.38984375 0.07265625 0.14609375
1 0.428125 0.19609375 0.05859375 0.10859375
1 0.31484375 0.0125 0.0140625 0.025
1 0.33125 0.36875 0.0609375 0.1375
1 0.34296875 0.27890625 0.0421875 0.075
0 0.2828125 0.58984375 0.12421875 0.34609375