1 0.4015625 0.1375 0.0328125 0.05859375
1 0.33359375 0.13125 0.028125 0.04609375
1 0.49375 0.50625 0.05859375 0.14609375
1 0.23828125 0.15625 0.03046875 0.05390625
1 0.2984375 0.48515625 0.075 0.17890625
1 0.35078125 0.02890625 0.01640625 0.025
1 0.325 0.05390625 0.02109375 0.03359375
1 0.29609375 0.075 0.0140625 0.025
1 0.32265625 0.025 0.01640625 0.025
1 0.3390625 0.00625 0.01640625 0.0125
1 0.29453125 0.03984375 0.01640625 0.02890625
1 0.31484375 0.00625 0.0140625 0.0125
2 0.278125 0.19375 0.07265625 0.22890625