1 0.2390625 0.15625 0.0328125 0.05390625
1 0.40234375 0.16015625 0.02578125 0.04609375
1 0.32421875 0.07265625 0.01875 0.02890625
1 0.2890625 0.56640625 0.0796875 0.19140625
1 0.2921875 0.06640625 0.02109375 0.03359375
1 0.3453125 0.02265625 0.01875 0.02109375
1 0.31484375 0.01015625 0.0140625 0.0203125
1 0.28984375 0.025 0.01171875 0.01640625
1 0.2546875 0.34765625 0.05859375 0.10390625
1 0.33671875 0.00234375 0.01640625 0.00390625
0 0.25859375 0.30625 0.075 0.1875
0 0.06328125 0.8125 0.1265625 0.36640625