1 0.38828125 0.11015625 0.02578125 0.0375
1 0.284375 0.15859375 0.0234375 0.05
1 0.4328125 0.20234375 0.03515625 0.0625
1 0.23671875 0.15625 0.0328125 0.05390625
1 0.2078125 0.50390625 0.08671875 0.16640625
1 0.49140625 0.54375 0.06328125 0.15390625
1 0.3359375 0.16484375 0.028125 0.05390625
1 0.33203125 0.11015625 0.02109375 0.0375
1 0.30546875 0.01015625 0.0140625 0.0203125
1 0.32265625 0.04765625 0.02109375 0.02890625
1 0.32734375 0.08125 0.02109375 0.0375
1 0.34609375 0.025 0.01640625 0.025
1 0.33515625 0.00390625 0.0140625 0.0078125