2 0.46328125 0.29609375 0.05703125 0.1609375
1 0.484375 0.46484375 0.06484375 0.15546875
1 0.48125 0.61328125 0.0671875 0.15625
1 0.32421875 0.5078125 0.04609375 0.15390625
1 0.23828125 0.46484375 0.08125 0.14609375
1 0.034375 0.91796875 0.06796875 0.1640625
1 0.22734375 0.9578125 0.0984375 0.084375
1 0.26796875 0.29375 0.053125 0.10546875
1 0.3421875 0.1375 0.03203125 0.046875
1 0.3296875 0.0890625 0.0171875 0.034375
1 0.3734375 0.08125 0.03203125 0.06328125
1 0.2359375 0.1578125 0.034375 0.06015625
2 0.34609375 0.24296875 0.05 0.12890625
1 0.29375 0.15859375 0.03359375 0.0515625
1 0.2875 0.10234375 0.0234375 0.04140625
1 0.2921875 0.059375 0.028125 0.03046875
1 0.321875 0.053125 0.01171875 0.0265625