1 0.28671875 0.16640625 0.0328125 0.05859375
1 0.48671875 0.59765625 0.07734375 0.2125
1 0.23828125 0.15625 0.03046875 0.05390625
1 0.34140625 0.375 0.05390625 0.11640625
1 0.48671875 0.40390625 0.05859375 0.125
1 0.26875 0.2875 0.04453125 0.075
1 0.35 0.275 0.0421875 0.075
1 0.40625 0.175 0.0328125 0.05
1 0.4203125 0.22890625 0.028125 0.06640625
1 0.28984375 0.05390625 0.02109375 0.03359375
1 0.33828125 0.00625 0.0140625 0.0125
1 0.45390625 0.275 0.05859375 0.13359375
1 0.38984375 0.13125 0.0234375 0.04609375
1 0.37109375 0.07109375 0.0234375 0.04140625
1 0.2875 0.08984375 0.02109375 0.02890625
1 0.34609375 0.20390625 0.03515625 0.075
1 0.3484375 0.025 0.01640625 0.025
1 0.33828125 0.15234375 0.028125 0.05390625
1 0.18984375 0.58359375 0.0515625 0.10859375
1 0.2921875 0.025 0.01640625 0.025
0 0.2359375 0.88515625 0.14296875 0.22109375
0 0.84609375 0.60625 0.16171875 0.32890625