1 0.175 0.54375 0.09609375 0.17890625
1 0.33203125 0.31875 0.04453125 0.09609375
1 0.23671875 0.15625 0.0328125 0.05390625
1 0.36015625 0.04609375 0.01640625 0.025
1 0.28984375 0.05390625 0.02109375 0.04140625
1 0.4703125 0.38984375 0.04921875 0.1125
1 0.28671875 0.175 0.0375 0.1
1 0.32421875 0.05 0.01875 0.03359375
1 0.3484375 0.02109375 0.01640625 0.025
1 0.4578125 0.32109375 0.0234375 0.03359375
1 0.33828125 0.00625 0.0140625 0.0125
1 0.3203125 0.02734375 0.02109375 0.02109375
1 0.2921875 0.01640625 0.01171875 0.01640625
1 0.31484375 0.00390625 0.0140625 0.0078125
0 0.49375 0.85625 0.10078125 0.27890625
0 0.1046875 0.86484375 0.20859375 0.2625