1 0.484375 0.43984375 0.05859375 0.12890625
1 0.22421875 0.87890625 0.12890625 0.23359375
1 0.325 0.56484375 0.07734375 0.17109375
1 0.51796875 0.925 0.11953125 0.14140625
1 0.45078125 0.30234375 0.0421875 0.07890625
1 0.2453125 0.35234375 0.05859375 0.09609375
1 0.23671875 0.15390625 0.0328125 0.05859375
1 0.33671875 0.40859375 0.05390625 0.11640625
1 0.28984375 0.11640625 0.02109375 0.03359375
1 0.409375 0.19140625 0.03515625 0.06640625
1 0.3453125 0.1875 0.0328125 0.05859375
1 0.38984375 0.12734375 0.028125 0.04609375
1 0.3359375 0.31484375 0.0421875 0.07109375
1 0.36171875 0.05390625 0.01875 0.03359375
1 0.34609375 0.02109375 0.01640625 0.025
1 0.33671875 0.14375 0.02578125 0.0375
1 0.34765625 0.25 0.0375 0.075
1 0.109375 0.72265625 0.13359375 0.2375
1 0.378125 0.08984375 0.028125 0.0375
1 0.33359375 0.10390625 0.0234375 0.04140625
1 0.2921875 0.05234375 0.02109375 0.02890625
1 0.37578125 0.06015625 0.0234375 0.02890625
1 0.33828125 0.275 0.0375 0.05
1 0.29453125 0.02109375 0.01171875 0.025
1 0.32265625 0.04609375 0.01640625 0.025
1 0.32734375 0.07890625 0.02109375 0.04140625
1 0.33828125 0.00390625 0.0140625 0.0078125