1 0.31953125 0.5875 0.0796875 0.175
1 0.4890625 0.48984375 0.05859375 0.14609375
1 0.4578125 0.32734375 0.046875 0.0875
1 0.0421875 0.91015625 0.084375 0.17109375
1 0.21328125 0.44140625 0.075 0.125
1 0.23828125 0.15390625 0.03046875 0.05859375
1 0.41328125 0.20234375 0.0375 0.07109375
1 0.3359375 0.42734375 0.05625 0.12109375
1 0.334375 0.32265625 0.04453125 0.07109375
1 0.39296875 0.1375 0.03046875 0.05
1 0.2921875 0.06875 0.02109375 0.02890625
1 0.3453125 0.19140625 0.0328125 0.05859375
1 0.3390625 0.14609375 0.03046875 0.04140625
1 0.3484375 0.025 0.01640625 0.025
1 0.33359375 0.10859375 0.0234375 0.04140625
1 0.29375 0.02734375 0.0140625 0.02890625
1 0.28984375 0.15390625 0.02578125 0.025
1 0.3625 0.05859375 0.01640625 0.03359375
1 0.3484375 0.25234375 0.03515625 0.07890625
1 0.38046875 0.1 0.028125 0.03359375
1 0.33671875 0.28359375 0.03984375 0.05
1 0.32421875 0.05 0.0140625 0.025
1 0.31484375 0.00234375 0.0140625 0.00390625
1 0.378125 0.07109375 0.0234375 0.03359375
1 0.215625 0.89609375 0.13125 0.2
1 0.33828125 0.00859375 0.0140625 0.01640625
1 0.32265625 0.03359375 0.01171875 0.01640625