1 0.28515625 0.17109375 0.03046875 0.04140625
1 0.23671875 0.15859375 0.0328125 0.05859375
1 0.265625 0.33515625 0.0515625 0.09609375
1 0.09609375 0.7625 0.13125 0.23359375
1 0.315625 0.00859375 0.01640625 0.01640625
1 0.2921875 0.09375 0.02109375 0.02890625
1 0.39765625 0.14140625 0.03046875 0.05859375
1 0.47421875 0.8875 0.1171875 0.21640625
1 0.334375 0.11875 0.03046875 0.07890625
1 0.340625 0.00625 0.0140625 0.0125
1 0.2796875 0.03984375 0.0234375 0.02890625
1 0.4578125 0.33359375 0.0234375 0.05859375