1 0.878125 0.60390625 0.1171875 0.20859375
1 0.278125 0.67109375 0.10078125 0.225
1 0.33203125 0.42890625 0.06328125 0.125
1 0.48359375 0.69765625 0.103125 0.2625
1 0.29140625 0.16484375 0.028125 0.05390625
1 0.49609375 0.475 0.06328125 0.15
1 0.23828125 0.15625 0.03046875 0.05390625
1 0.27734375 0.26640625 0.0421875 0.075
1 0.34765625 0.28515625 0.0421875 0.09609375
1 0.42109375 0.21484375 0.03515625 0.0625
1 0.2921875 0.08984375 0.02109375 0.0375
1 0.40234375 0.16640625 0.03046875 0.05
1 0.34296875 0.18515625 0.0328125 0.07109375
1 0.12421875 0.67109375 0.13125 0.24140625
1 0.28984375 0.02734375 0.01640625 0.02890625
1 0.3875 0.10859375 0.028125 0.05
1 0.43515625 0.275 0.03046875 0.075
1 0.3625 0.05859375 0.02109375 0.03359375
1 0.46953125 0.325 0.0609375 0.15
1 0.32421875 0.05390625 0.028125 0.075
1 0.35234375 0.0375 0.01875 0.03359375
1 0.33671875 0.13359375 0.02578125 0.04140625
1 0.3359375 0.10390625 0.0234375 0.03359375