1 0.2828125 0.21640625 0.03515625 0.05859375
1 0.23828125 0.15 0.03046875 0.05859375
1 0.31484375 0.54140625 0.0703125 0.15
1 0.4578125 0.30234375 0.0421875 0.0875
1 0.35078125 0.32265625 0.04453125 0.09609375
1 0.2921875 0.08515625 0.02109375 0.0375
1 0.42578125 0.21015625 0.03984375 0.05390625
1 0.4046875 0.15 0.03046875 0.04140625
1 0.3875 0.1125 0.0234375 0.04140625
1 0.3453125 0.21875 0.0328125 0.0625
1 0.359375 0.05625 0.01875 0.02890625
1 0.3453125 0.1625 0.028125 0.04140625
1 0.35078125 0.025 0.01640625 0.025
1 0.29140625 0.03515625 0.0140625 0.02109375
1 0.340625 0.00859375 0.0140625 0.01640625
1 0.32265625 0.04375 0.01640625 0.02890625
1 0.334375 0.11875 0.02109375 0.04609375
1 0.25390625 0.69140625 0.1125 0.15859375
1 0.29140625 0.01015625 0.0171875 0.0203125
1 0.31484375 0.00234375 0.0140625 0.00390625
0 0.49375 0.575 0.07734375 0.20859375
0 0.20546875 0.44765625 0.09609375 0.20390625
0 0.21796875 0.83984375 0.1359375 0.3125