1 0.2875 0.63125 0.09140625 0.19609375
1 0.23828125 0.15390625 0.03046875 0.05859375
1 0.49296875 0.53515625 0.065625 0.17109375
1 0.47734375 0.39140625 0.05390625 0.10859375
1 0.325 0.06640625 0.02109375 0.04140625
1 0.45390625 0.28515625 0.04453125 0.07890625
1 0.3453125 0.02265625 0.01875 0.02890625
1 0.39453125 0.11875 0.028125 0.05390625
1 0.378125 0.09765625 0.01875 0.0375
1 0.43046875 0.225 0.03515625 0.05859375
1 0.3359375 0.1125 0.0234375 0.04140625
1 0.2875 0.05390625 0.02109375 0.03359375
1 0.3125 0.00859375 0.0140625 0.01640625
1 0.3640625 0.07265625 0.0234375 0.0375
1 0.40390625 0.16875 0.0234375 0.04609375
1 0.29375 0.025 0.0140625 0.025
1 0.41171875 0.17890625 0.03046875 0.05