1 0.490625 0.5875 0.075 0.2
1 0.47890625 0.3875 0.05625 0.10859375
1 0.23828125 0.15390625 0.03046875 0.05859375
1 0.2484375 0.80625 0.121875 0.2875
1 0.36953125 0.06640625 0.02109375 0.04140625
1 0.453125 0.29140625 0.046875 0.08359375
1 0.39453125 0.13515625 0.028125 0.04609375
1 0.4328125 0.23515625 0.03984375 0.0625
1 0.33125 0.11875 0.0234375 0.0375
1 0.31640625 0.01015625 0.0140625 0.0203125
1 0.34609375 0.02734375 0.01640625 0.02890625
1 0.42109375 0.19375 0.03515625 0.04609375
1 0.35703125 0.04765625 0.01875 0.02890625
0 0.340625 0.225 0.0609375 0.15859375