1 0.4234375 0.18984375 0.03515625 0.0625
1 0.29609375 0.1 0.0234375 0.04140625
1 0.23671875 0.15859375 0.0328125 0.05859375
1 0.2875 0.17109375 0.03046875 0.05859375
1 0.4859375 0.5 0.0609375 0.15
1 0.3296875 0.28984375 0.04453125 0.10390625
1 0.3359375 0.11484375 0.0234375 0.04609375
1 0.48671875 0.8875 0.09609375 0.21640625
1 0.3546875 0.03359375 0.01875 0.025
1 0.10703125 0.70234375 0.13359375 0.22109375
1 0.3453125 0.0125 0.01875 0.025
1 0.31953125 0.02734375 0.01875 0.02890625
1 0.3125 0.01015625 0.021875 0.0203125