1 0.7984375 0.71640625 0.13125 0.25
1 0.4296875 0.22890625 0.0421875 0.06640625
1 0.3453125 0.2625 0.0375 0.075
1 0.33125 0.08984375 0.0234375 0.0375
1 0.278125 0.22890625 0.03984375 0.06640625
1 0.48671875 0.70625 0.08671875 0.24609375
1 0.29375 0.13125 0.0234375 0.04609375
1 0.23828125 0.15625 0.03046875 0.05390625
1 0.48203125 0.45625 0.06328125 0.14609375
1 0.3390625 0.18359375 0.03046875 0.05859375
1 0.40234375 0.15390625 0.03046875 0.05
1 0.321875 0.45234375 0.0609375 0.1375
1 0.3734375 0.08125 0.01875 0.02890625
1 0.2546875 0.33984375 0.05390625 0.09609375
1 0.18046875 0.54375 0.103125 0.19609375
1 0.4609375 0.30859375 0.05390625 0.09140625
1 0.35078125 0.03125 0.01640625 0.02890625
1 0.3203125 0.03515625 0.02578125 0.02890625
1 0.90625 0.5 0.0890625 0.13359375
1 0.453125 0.29140625 0.0375 0.05859375
1 0.3171875 0.01015625 0.021875 0.0203125
1 0.33828125 0.00390625 0.0171875 0.0078125