1 0.87890625 0.56484375 0.11015625 0.1875
1 0.5 0.61640625 0.075 0.20859375
1 0.11484375 0.71875 0.1359375 0.2375
1 0.415625 0.17734375 0.0328125 0.0625
1 0.23671875 0.15859375 0.0328125 0.05859375
1 0.3171875 0.02109375 0.0140625 0.03359375
1 0.28984375 0.0875 0.02109375 0.03359375
1 0.3640625 0.06015625 0.01875 0.02890625
1 0.29609375 0.13515625 0.028125 0.04609375
1 0.34609375 0.02265625 0.01640625 0.02890625
1 0.33828125 0.16875 0.0375 0.09609375
1 0.4578125 0.33359375 0.0234375 0.05859375
1 0.2921875 0.01640625 0.01171875 0.01640625
0 0.2015625 0.80234375 0.1921875 0.3875