1 0.27578125 0.56015625 0.08203125 0.17890625
1 0.23671875 0.15625 0.0328125 0.05390625
1 0.3453125 0.21484375 0.0375 0.0625
1 0.490625 0.40390625 0.0515625 0.10859375
1 0.22890625 0.4125 0.05859375 0.10859375
1 0.4375 0.22890625 0.03984375 0.06640625
1 0.37890625 0.10625 0.02578125 0.0375
1 0.33125 0.30625 0.046875 0.0875
1 0.3203125 0.03125 0.01640625 0.02890625
1 0.29453125 0.07265625 0.02109375 0.0375
1 0.3359375 0.13515625 0.028125 0.04609375
1 0.29140625 0.03359375 0.0140625 0.025
1 0.35703125 0.04375 0.01875 0.02890625