1 0.1328125 0.68125 0.11484375 0.19609375
1 0.49140625 0.57265625 0.06796875 0.17109375
1 0.221875 0.86484375 0.12890625 0.2625
1 0.34296875 0.21484375 0.0328125 0.0625
1 0.33671875 0.12734375 0.02578125 0.04609375
1 0.47734375 0.90390625 0.12421875 0.18359375
1 0.47890625 0.43359375 0.0515625 0.125
1 0.32890625 0.37890625 0.05625 0.13359375
1 0.35703125 0.04375 0.01875 0.0375
1 0.23828125 0.15390625 0.03046875 0.05859375
1 0.40234375 0.16640625 0.03515625 0.05859375
1 0.4703125 0.32265625 0.05390625 0.1125
1 0.390625 0.12734375 0.03046875 0.04609375
1 0.3171875 0.01875 0.01875 0.02890625
1 0.24765625 0.34609375 0.05390625 0.09140625
1 0.45078125 0.26875 0.0421875 0.09609375
1 0.42578125 0.21875 0.03515625 0.0625
1 0.34609375 0.02734375 0.01640625 0.02890625
1 0.25390625 0.14765625 0.0140625 0.04609375
1 0.33828125 0.00859375 0.0140625 0.01640625