1 0.34140625 0.225 0.03046875 0.06640625
1 0.49609375 0.54609375 0.06328125 0.175
1 0.40390625 0.16640625 0.0328125 0.05
1 0.23828125 0.15625 0.03046875 0.05390625
1 0.31328125 0.15 0.02578125 0.05
1 0.34765625 0.03125 0.01875 0.02890625
1 0.23671875 0.38515625 0.065625 0.12109375
1 0.3109375 0.42890625 0.06328125 0.13359375
1 0.3171875 0.00859375 0.0140625 0.01640625
1 0.28515625 0.0375 0.03046875 0.05
1 0.3359375 0.00390625 0.015625 0.0078125
1 0.2875 0.08359375 0.03046875 0.03359375
1 0.303125 0.00625 0.0140625 0.0125
1 0.31796875 0.40234375 0.04921875 0.07890625
0 0.18046875 0.88359375 0.15 0.225