1 0.89609375 0.56015625 0.13125 0.17109375
1 0.50625 0.7078125 0.09375 0.24375
1 0.10078125 0.73125 0.14296875 0.1890625
1 0.30390625 0.534375 0.0890625 0.1890625
1 0.484375 0.4890625 0.0796875 0.1484375
1 0.47265625 0.36796875 0.0609375 0.1046875
1 0.35078125 0.30859375 0.0546875 0.13046875
1 0.22421875 0.390625 0.0625 0.128125
1 0.45390625 0.25 0.0625 0.09609375
1 0.34140625 0.19609375 0.03359375 0.0484375
1 0.24140625 0.15859375 0.04453125 0.0671875
1 0.40859375 0.16875 0.0375 0.059375
1 0.33359375 0.14140625 0.03046875 0.04609375
1 0.39765625 0.13125 0.0171875 0.0296875
1 0.37890625 0.0984375 0.02734375 0.05234375
1 0.32734375 0.075 0.02265625 0.046875