1 0.3203125 0.52265625 0.06796875 0.14609375
1 0.44453125 0.28984375 0.04921875 0.09609375
1 0.49296875 0.81640625 0.0890625 0.25859375
1 0.23828125 0.15625 0.03046875 0.05390625
1 0.26328125 0.82890625 0.1265625 0.29140625
1 0.3484375 0.22265625 0.03515625 0.0625
1 0.0765625 0.8125 0.15234375 0.28359375
1 0.4234375 0.2125 0.03984375 0.06640625
1 0.3546875 0.03984375 0.01875 0.02890625
1 0.29140625 0.02890625 0.01875 0.03359375
1 0.35078125 0.32890625 0.03984375 0.1
1 0.3453125 0.17734375 0.0328125 0.04609375
1 0.29140625 0.1375 0.028125 0.03359375
1 0.40234375 0.15234375 0.03515625 0.04609375
1 0.2640625 0.33359375 0.05390625 0.09140625
1 0.33671875 0.1375 0.02578125 0.05
1 0.32890625 0.40390625 0.05625 0.125
1 0.31953125 0.025 0.01875 0.03359375
1 0.3671875 0.07265625 0.02109375 0.02890625
1 0.3265625 0.06015625 0.0140625 0.02890625
1 0.3296875 0.08984375 0.02109375 0.02890625
1 0.3828125 0.1125 0.01875 0.04140625
1 0.39765625 0.11640625 0.03046875 0.03359375