1 0.31015625 0.55859375 0.075 0.15859375
1 0.23828125 0.15390625 0.03046875 0.05859375
1 0.27109375 0.275 0.03984375 0.06640625
1 0.35 0.35390625 0.046875 0.1
1 0.465625 0.33984375 0.04453125 0.10390625
1 0.34609375 0.24609375 0.03515625 0.06640625
1 0.4328125 0.22890625 0.03984375 0.05859375
1 0.3953125 0.12890625 0.03515625 0.04140625
1 0.41171875 0.16875 0.03046875 0.04609375
1 0.3625 0.07265625 0.02109375 0.02890625
1 0.33828125 0.14140625 0.028125 0.05
1 0.29140625 0.11484375 0.0234375 0.04609375
1 0.34296875 0.17734375 0.0328125 0.0625
1 0.3546875 0.03515625 0.01875 0.02890625
1 0.28984375 0.05390625 0.02109375 0.025
1 0.325 0.0625 0.02109375 0.03359375
1 0.31640625 0.01015625 0.0140625 0.0203125
1 0.34375 0.0125 0.01640625 0.025
1 0.32421875 0.0375 0.01875 0.025
1 0.2921875 0.025 0.01640625 0.025
0 0.49609375 0.76015625 0.09609375 0.34609375
0 0.128125 0.61640625 0.14296875 0.3