1 0.4984375 0.70625 0.10078125 0.27109375
1 0.23828125 0.15625 0.03515625 0.05390625
1 0.77578125 0.94765625 0.10546875 0.09609375
1 0.26796875 0.27265625 0.0421875 0.07890625
1 0.34609375 0.22734375 0.03515625 0.0625
1 0.29140625 0.15 0.028125 0.05
1 0.48203125 0.4625 0.05859375 0.14140625
1 0.4625 0.33515625 0.05625 0.12890625
1 0.33359375 0.10234375 0.028125 0.07109375
1 0.28984375 0.09609375 0.02578125 0.03359375
1 0.340625 0.3 0.0421875 0.08359375
1 0.321875 0.42265625 0.0703125 0.1625
1 0.19453125 0.49609375 0.09375 0.18359375
1 0.43203125 0.20390625 0.0609375 0.10859375
1 0.315625 0.0125 0.01640625 0.025
1 0.2921875 0.01875 0.01640625 0.02109375
1 0.31953125 0.03125 0.0140625 0.02890625
1 0.32890625 0.05390625 0.01875 0.025
0 0.24765625 0.73125 0.15703125 0.45390625