1 0.2640625 0.75859375 0.10546875 0.23359375
1 0.2828125 0.18125 0.03046875 0.05390625
1 0.334375 0.49609375 0.06796875 0.14140625
1 0.50859375 0.55390625 0.07265625 0.16640625
1 0.34140625 0.35625 0.04921875 0.09609375
1 0.43046875 0.23359375 0.03984375 0.06640625
1 0.07734375 0.80859375 0.1546875 0.29140625
1 0.23671875 0.15390625 0.0328125 0.05859375
1 0.26640625 0.3 0.04921875 0.09140625
1 0.37890625 0.09609375 0.02578125 0.04140625
1 0.29140625 0.04765625 0.0140625 0.02109375
1 0.46484375 0.31640625 0.046875 0.09140625
1 0.34296875 0.16015625 0.028125 0.05390625
1 0.35 0.02890625 0.0140625 0.025
1 0.334375 0.11875 0.02578125 0.0375
1 0.3296875 0.08515625 0.02109375 0.0375
1 0.36875 0.06640625 0.0234375 0.03359375
1 0.34609375 0.22734375 0.03515625 0.07109375
1 0.33828125 0.00859375 0.0140625 0.01640625
1 0.39765625 0.15859375 0.03046875 0.05859375
1 0.29375 0.01484375 0.0140625 0.0125
1 0.325 0.05859375 0.02109375 0.03359375
1 0.36640625 0.04375 0.01875 0.02109375
1 0.31953125 0.02109375 0.0140625 0.025
1 0.33828125 0.275 0.0421875 0.09140625