1 0.3390625 0.22109375 0.03515625 0.06640625
1 0.1875 0.89609375 0.15 0.2
1 0.32734375 0.3875 0.05390625 0.10859375
1 0.4796875 0.45234375 0.05390625 0.12890625
1 0.3671875 0.07734375 0.02109375 0.0375
1 0.490625 0.84609375 0.103125 0.29140625
1 0.2390625 0.15390625 0.0328125 0.05859375
1 0.05546875 0.85859375 0.11015625 0.275
1 0.471875 0.32734375 0.05625 0.12109375
1 0.42734375 0.21640625 0.0375 0.06640625
1 0.3203125 0.03515625 0.02109375 0.0375
1 0.35546875 0.04765625 0.02109375 0.02890625
1 0.44921875 0.27265625 0.03984375 0.09609375
1 0.40859375 0.18125 0.0375 0.0625
1 0.3484375 0.025 0.01640625 0.025
1 0.396875 0.14609375 0.028125 0.05
1 0.2546875 0.15 0.01171875 0.04140625