1 0.23671875 0.43984375 0.075 0.12109375
1 0.04453125 0.89140625 0.0890625 0.20859375
1 0.2390625 0.91640625 0.121875 0.15859375
1 0.32890625 0.48359375 0.065625 0.14140625
1 0.27578125 0.28359375 0.04921875 0.08359375
1 0.23828125 0.15390625 0.03046875 0.05859375
1 0.48359375 0.61875 0.075 0.19609375
1 0.2875 0.09375 0.02109375 0.04609375
1 0.2890625 0.15390625 0.028125 0.05
1 0.484375 0.45390625 0.06796875 0.16640625
1 0.36953125 0.06875 0.02109375 0.02890625
1 0.34296875 0.22734375 0.0421875 0.12109375
1 0.33125 0.09609375 0.0234375 0.04140625
1 0.3484375 0.0375 0.01640625 0.01640625
1 0.4625 0.31640625 0.0703125 0.11640625
1 0.29375 0.05234375 0.01875 0.02890625
1 0.33671875 0.125 0.02578125 0.05
1 0.2921875 0.02734375 0.01640625 0.02109375
1 0.29453125 0.2 0.01171875 0.05
1 0.34296875 0.15390625 0.028125 0.03359375
1 0.32421875 0.05859375 0.01875 0.025