1 0.4890625 0.56015625 0.07265625 0.1875
1 0.475 0.36640625 0.05390625 0.1
1 0.23828125 0.15625 0.03046875 0.05390625
1 0.07265625 0.825 0.1453125 0.28359375
1 0.321875 0.5 0.065625 0.14140625
1 0.3640625 0.05234375 0.01875 0.0375
1 0.4328125 0.22734375 0.03984375 0.0625
1 0.38828125 0.12109375 0.02578125 0.04140625
1 0.4515625 0.2875 0.04453125 0.08359375
1 0.34375 0.2 0.04453125 0.06640625
1 0.32734375 0.08984375 0.02109375 0.02890625
1 0.34140625 0.01875 0.01640625 0.02890625
1 0.415625 0.17890625 0.0328125 0.05
1 0.35078125 0.03984375 0.01171875 0.02109375
1 0.31484375 0.00390625 0.0140625 0.0078125