1 0.23828125 0.15625 0.03046875 0.05390625
1 0.33359375 0.32734375 0.046875 0.09609375
1 0.4859375 0.61640625 0.0796875 0.2
1 0.428125 0.22265625 0.03984375 0.07109375
1 0.33828125 0.19765625 0.0328125 0.0625
1 0.4 0.15859375 0.03046875 0.05
1 0.284375 0.21875 0.0375 0.07109375
1 0.09765625 0.76875 0.12421875 0.22109375
1 0.2703125 0.66875 0.0984375 0.2125
1 0.378125 0.09140625 0.0234375 0.03359375
1 0.29140625 0.11015625 0.0234375 0.0375
1 0.21796875 0.48125 0.075 0.12890625
1 0.353125 0.03125 0.01640625 0.02109375
1 0.33828125 0.12734375 0.0234375 0.04609375
1 0.31484375 0.00625 0.01875 0.0125
1 0.471875 0.37265625 0.05625 0.12890625
1 0.3203125 0.03359375 0.01640625 0.025
1 0.28671875 0.16484375 0.0328125 0.04609375
1 0.32890625 0.08359375 0.01875 0.03359375
1 0.3359375 0.00390625 0.015625 0.0078125
1 0.29375 0.05 0.01875 0.025
0 0.79921875 0.725 0.18046875 0.425