1 0.23828125 0.15625 0.03515625 0.05390625
1 0.34140625 0.32265625 0.04453125 0.09609375
1 0.48203125 0.49375 0.06328125 0.15390625
1 0.28984375 0.1875 0.03046875 0.05859375
1 0.2875 0.125 0.02578125 0.04140625
1 0.34765625 0.23984375 0.0375 0.07109375
1 0.2546875 0.32890625 0.05390625 0.09140625
1 0.30390625 0.49609375 0.09140625 0.20859375
1 0.465625 0.35234375 0.05859375 0.1375
1 0.1515625 0.60234375 0.11953125 0.22890625
1 0.334375 0.125 0.03046875 0.08359375
1 0.2921875 0.03125 0.01640625 0.02890625
1 0.4328125 0.21015625 0.05859375 0.1125
1 0.5046875 0.82734375 0.103125 0.3375
1 0.221875 0.5875 0.04453125 0.10859375
1 0.32265625 0.05 0.01640625 0.025
1 0.31796875 0.02890625 0.01640625 0.025
0 0.19140625 0.81640625 0.20859375 0.35859375