1 0.34140625 0.20390625 0.03046875 0.05859375
1 0.48203125 0.44609375 0.05859375 0.125
1 0.33203125 0.12265625 0.02578125 0.05390625
1 0.23828125 0.15390625 0.03046875 0.05859375
1 0.43671875 0.23984375 0.0375 0.0625
1 0.3671875 0.08125 0.02109375 0.0375
1 0.5109375 0.78359375 0.09609375 0.29140625
1 0.2921875 0.05234375 0.02109375 0.02890625
1 0.41328125 0.1875 0.0328125 0.05859375
1 0.46328125 0.31484375 0.04921875 0.0875
1 0.38046875 0.10859375 0.01875 0.04140625
1 0.35234375 0.0375 0.01875 0.03359375
1 0.315625 0.03125 0.01640625 0.02109375
1 0.39921875 0.12890625 0.028125 0.05859375
1 0.2890625 0.10390625 0.0234375 0.04140625
1 0.31484375 0.01484375 0.0140625 0.0125
1 0.28984375 0.025 0.01640625 0.01640625
1 0.33828125 0.00234375 0.0140625 0.00390625