1 0.49609375 0.64765625 0.07734375 0.20390625
1 0.2796875 0.21484375 0.0328125 0.0625
1 0.2203125 0.73984375 0.1125 0.25390625
1 0.48203125 0.43984375 0.05390625 0.12109375
1 0.23828125 0.15390625 0.03046875 0.05859375
1 0.7390625 0.86640625 0.1265625 0.25859375
1 0.45859375 0.33125 0.04921875 0.09609375
1 0.3453125 0.25625 0.0375 0.07890625
1 0.25 0.34375 0.05390625 0.0875
1 0.43515625 0.20859375 0.03984375 0.075
1 0.3453125 0.16875 0.0328125 0.07109375
1 0.40234375 0.15234375 0.03046875 0.04609375
1 0.325 0.07890625 0.01640625 0.03359375
1 0.334375 0.1125 0.02578125 0.04140625
1 0.29140625 0.02890625 0.01875 0.025
1 0.3859375 0.11640625 0.03046875 0.05
1 0.3203125 0.03984375 0.01640625 0.02109375
1 0.36953125 0.08359375 0.02578125 0.04140625
1 0.3625 0.05625 0.01640625 0.02890625
1 0.353125 0.03125 0.01640625 0.02109375
1 0.3171875 0.02109375 0.0140625 0.01640625
1 0.34609375 0.0125 0.01640625 0.025