1 0.2203125 0.45234375 0.0796875 0.14609375
1 0.09375 0.78359375 0.15 0.26640625
1 0.3953125 0.13125 0.03046875 0.04609375
1 0.2203125 0.90234375 0.140625 0.1875
1 0.23671875 0.15390625 0.0328125 0.05859375
1 0.28203125 0.24375 0.0375 0.07109375
1 0.484375 0.61875 0.07265625 0.19609375
1 0.284375 0.1625 0.028125 0.05859375
1 0.34765625 0.21640625 0.0328125 0.05859375
1 0.2890625 0.10859375 0.0234375 0.04140625
1 0.29453125 0.06640625 0.02109375 0.03359375
1 0.484375 0.45625 0.06796875 0.1625
1 0.3671875 0.075 0.02109375 0.03359375
1 0.46953125 0.34375 0.065625 0.12109375
1 0.31484375 0.01015625 0.0140625 0.0203125
1 0.3359375 0.00625 0.0140625 0.0125
1 0.3296875 0.07890625 0.02109375 0.03359375
1 0.34609375 0.02890625 0.01171875 0.025
1 0.32421875 0.05234375 0.0140625 0.02890625
1 0.35703125 0.04765625 0.01875 0.02890625
1 0.33671875 0.13125 0.02578125 0.05390625
1 0.31328125 0.12109375 0.01171875 0.04140625
1 0.340625 0.16640625 0.028125 0.06640625
0 0.33203125 0.35234375 0.05859375 0.17890625