1 0.5046875 0.5375 0.065625 0.15859375
1 0.23828125 0.15390625 0.03046875 0.05859375
1 0.47265625 0.36640625 0.05390625 0.125
1 0.3453125 0.27109375 0.0375 0.075
1 0.32421875 0.40625 0.075 0.15390625
1 0.25390625 0.34375 0.05625 0.10390625
1 0.325 0.08359375 0.02109375 0.03359375
1 0.41171875 0.16640625 0.03046875 0.05
1 0.44140625 0.25390625 0.0515625 0.09140625
1 0.23203125 0.86484375 0.1359375 0.2625
1 0.2890625 0.0625 0.0234375 0.05
1 0.390625 0.11484375 0.02578125 0.0375
1 0.36640625 0.06640625 0.01875 0.03359375
1 0.3203125 0.03515625 0.01640625 0.02890625
1 0.378125 0.08515625 0.028125 0.02890625
1 0.31328125 0.00625 0.01171875 0.0125