1 0.4796875 0.51640625 0.06328125 0.15
1 0.4578125 0.32890625 0.046875 0.09140625
1 0.43046875 0.23359375 0.03984375 0.06640625
1 0.34375 0.33359375 0.03984375 0.1
1 0.23828125 0.15390625 0.03046875 0.05859375
1 0.2921875 0.16484375 0.03046875 0.05390625
1 0.22421875 0.43984375 0.07265625 0.12890625
1 0.23671875 0.86015625 0.1359375 0.27109375
1 0.41328125 0.16875 0.0375 0.07109375
1 0.31953125 0.03515625 0.01875 0.0375
1 0.325 0.06640625 0.01640625 0.025
1 0.38515625 0.11484375 0.0234375 0.0375
1 0.2890625 0.09140625 0.0234375 0.05
1 0.2921875 0.05390625 0.02109375 0.03359375
1 0.371875 0.08515625 0.02578125 0.05390625
1 0.39765625 0.13984375 0.02578125 0.05390625
1 0.31484375 0.01015625 0.0171875 0.0203125
1 0.29140625 0.02734375 0.0140625 0.02890625