1 0.340625 0.18984375 0.0328125 0.0625
1 0.23671875 0.15625 0.0328125 0.05390625
1 0.128125 0.66640625 0.10078125 0.18359375
1 0.29375 0.10859375 0.0234375 0.04140625
1 0.4578125 0.2875 0.046875 0.075
1 0.50625 0.525 0.06328125 0.15
1 0.340625 0.3125 0.046875 0.08359375
1 0.325 0.05625 0.01640625 0.02890625
1 0.2984375 0.48984375 0.075 0.14609375
1 0.29140625 0.05390625 0.01875 0.025
1 0.396875 0.14375 0.028125 0.04609375
1 0.36640625 0.06640625 0.01875 0.03359375
1 0.1359375 0.98515625 0.1078125 0.02109375