1 0.4859375 0.79140625 0.09375 0.25859375
1 0.19453125 0.53125 0.09375 0.17109375
1 0.7828125 0.8875 0.12890625 0.21640625
1 0.34375 0.22109375 0.03515625 0.075
1 0.26796875 0.30234375 0.046875 0.07890625
1 0.28671875 0.1875 0.0375 0.075
1 0.490625 0.56015625 0.065625 0.1625
1 0.47734375 0.43125 0.05390625 0.12109375
1 0.33671875 0.13515625 0.02578125 0.04609375
1 0.3921875 0.14140625 0.0328125 0.05859375
1 0.23828125 0.15390625 0.03046875 0.05859375
1 0.3296875 0.08125 0.02109375 0.0375
1 0.4234375 0.20859375 0.03515625 0.06640625
1 0.31484375 0.00859375 0.01875 0.01640625
1 0.3484375 0.025 0.01640625 0.03359375
1 0.46796875 0.31640625 0.05390625 0.11640625
1 0.2546875 0.14765625 0.01171875 0.0375
1 0.446875 0.2625 0.03984375 0.09140625
1 0.38046875 0.1 0.0234375 0.04140625
1 0.3296875 0.38515625 0.04921875 0.10390625
1 0.17265625 0.13125 0.01171875 0.02890625
1 0.34140625 0.0125 0.01640625 0.025