1 0.26171875 0.73515625 0.10078125 0.2375
1 0.5 0.63515625 0.084375 0.2375
1 0.23828125 0.15390625 0.03515625 0.05859375
1 0.3359375 0.13515625 0.028125 0.04609375
1 0.20625 0.50625 0.0890625 0.17109375
1 0.29140625 0.07109375 0.0234375 0.03359375
1 0.465625 0.33359375 0.04921875 0.1
1 0.32890625 0.07265625 0.0234375 0.0375
1 0.29140625 0.15859375 0.0328125 0.06640625
1 0.3171875 0.01015625 0.015625 0.0203125
1 0.42265625 0.20234375 0.0421875 0.07890625
1 0.4 0.12734375 0.04453125 0.07890625
1 0.3390625 0.2625 0.04921875 0.10859375
1 0.29140625 0.01015625 0.0171875 0.0203125
1 0.29921875 0.10625 0.00703125 0.02890625
0 0.0703125 0.8125 0.140625 0.36640625
0 0.31015625 0.48125 0.09375 0.27109375