1 0.15625 0.62265625 0.10078125 0.17890625
1 0.840625 0.58515625 0.1171875 0.1875
1 0.2359375 0.15625 0.03515625 0.05390625
1 0.48359375 0.62109375 0.075 0.19140625
1 0.31484375 0.525 0.0796875 0.19140625
1 0.34609375 0.31875 0.04453125 0.09609375
1 0.2390625 0.43125 0.0703125 0.1375
1 0.35078125 0.23984375 0.03984375 0.07109375
1 0.484375 0.45625 0.06796875 0.1625
1 0.2609375 0.32265625 0.0515625 0.1125
1 0.33359375 0.12890625 0.0234375 0.04140625
1 0.371875 0.07890625 0.02578125 0.03359375
1 0.43671875 0.25234375 0.0328125 0.07109375
1 0.46953125 0.34375 0.065625 0.12109375
1 0.415625 0.2 0.0328125 0.05
1 0.15703125 0.94765625 0.1171875 0.09609375
1 0.28984375 0.04140625 0.01640625 0.025
1 0.40234375 0.17109375 0.02578125 0.04140625
1 0.325 0.08515625 0.03046875 0.02890625
1 0.3546875 0.05234375 0.01875 0.02109375
1 0.321875 0.05625 0.028125 0.0375
1 0.3921875 0.14375 0.028125 0.02890625
1 0.3484375 0.02890625 0.01640625 0.025
1 0.3203125 0.02734375 0.03046875 0.0375
1 0.340625 0.17890625 0.028125 0.05