1 0.203125 0.94375 0.12890625 0.10390625
1 0.046875 0.9125 0.09375 0.16640625
1 0.28203125 0.19375 0.0328125 0.0625
1 0.50234375 0.67890625 0.0890625 0.25859375
1 0.23828125 0.15390625 0.03515625 0.05859375
1 0.3453125 0.19765625 0.0328125 0.0625
1 0.29140625 0.09375 0.0234375 0.0375
1 0.4796875 0.43125 0.05390625 0.12890625
1 0.45390625 0.30625 0.05390625 0.1125
1 0.3265625 0.0625 0.0234375 0.05859375
1 0.24609375 0.35625 0.065625 0.12890625
1 0.32890625 0.36015625 0.065625 0.1375
1 0.28984375 0.05 0.02109375 0.025
1 0.42578125 0.19140625 0.05859375 0.10859375
1 0.34296875 0.27109375 0.0421875 0.075
1 0.31484375 0.01015625 0.0140625 0.0203125
0 0.2921875 0.55859375 0.11015625 0.325