1 0.17265625 0.89609375 0.15703125 0.2
1 0.48359375 0.7875 0.0984375 0.25859375
1 0.34296875 0.18984375 0.0328125 0.07109375
1 0.83203125 0.71015625 0.12421875 0.22890625
1 0.3359375 0.32109375 0.046875 0.08359375
1 0.24140625 0.40625 0.0703125 0.12890625
1 0.490625 0.56015625 0.065625 0.1625
1 0.47890625 0.43125 0.0515625 0.12109375
1 0.2796875 0.25234375 0.0375 0.07109375
1 0.2890625 0.16015625 0.0328125 0.0625
1 0.23828125 0.15390625 0.03046875 0.05859375
1 0.3359375 0.11640625 0.0234375 0.04140625
1 0.31484375 0.00625 0.01875 0.0125
1 0.41875 0.2 0.03515625 0.05859375
1 0.38828125 0.13125 0.03046875 0.05390625
1 0.32890625 0.07109375 0.01875 0.03359375
1 0.46796875 0.3125 0.05390625 0.11640625
1 0.44609375 0.25390625 0.0375 0.09140625
1 0.34609375 0.01875 0.01640625 0.02890625
1 0.25390625 0.14765625 0.0140625 0.04609375
1 0.37578125 0.09140625 0.0234375 0.04140625