1 0.446875 0.27109375 0.03984375 0.075
1 0.31953125 0.52109375 0.0703125 0.14140625
1 0.28515625 0.17265625 0.03046875 0.05390625
1 0.23828125 0.15625 0.03046875 0.05390625
1 0.35078125 0.28984375 0.03984375 0.07890625
1 0.41875 0.19375 0.03515625 0.05390625
1 0.484375 0.46640625 0.06796875 0.16640625
1 0.34140625 0.19140625 0.03046875 0.05859375
1 0.2921875 0.06484375 0.01640625 0.0375
1 0.4015625 0.14375 0.028125 0.0375
1 0.3828125 0.10625 0.0234375 0.0375
1 0.3453125 0.13984375 0.0234375 0.04609375
1 0.3546875 0.05 0.01875 0.025
1 0.3203125 0.03125 0.01640625 0.02109375
1 0.33359375 0.1 0.028125 0.04140625
1 0.34765625 0.02265625 0.01875 0.02890625
1 0.29140625 0.025 0.0140625 0.01640625
1 0.33671875 0.00625 0.01640625 0.0125
1 0.31796875 0.01484375 0.01640625 0.02109375
0 0.23125 0.78984375 0.12890625 0.2875
0 0.24765625 0.325 0.07265625 0.15