1 0.29453125 0.54140625 0.08203125 0.19140625
1 0.88515625 0.53984375 0.103125 0.14609375
1 0.23828125 0.15625 0.03515625 0.05390625
1 0.215625 0.46015625 0.0703125 0.12890625
1 0.48359375 0.61875 0.075 0.19609375
1 0.084375 0.74765625 0.140625 0.27109375
1 0.3484375 0.23984375 0.03515625 0.07109375
1 0.34375 0.34375 0.04921875 0.12109375
1 0.484375 0.45625 0.06796875 0.1625
1 0.275 0.2625 0.0421875 0.08359375
1 0.26328125 0.35390625 0.0515625 0.10859375
1 0.4140625 0.19375 0.03046875 0.05390625
1 0.359375 0.04765625 0.01875 0.02890625
1 0.46953125 0.34375 0.065625 0.12109375
1 0.43671875 0.25234375 0.0328125 0.07109375
1 0.3453125 0.18359375 0.0328125 0.05859375
1 0.3203125 0.04609375 0.02578125 0.05
1 0.34140625 0.09375 0.02109375 0.0375
1 0.4 0.1625 0.02578125 0.04140625
1 0.38359375 0.12734375 0.02578125 0.04609375
1 0.3359375 0.14375 0.0234375 0.04609375