1 0.50234375 0.69609375 0.0890625 0.26640625
1 0.29140625 0.14140625 0.028125 0.05
1 0.78671875 0.86875 0.13125 0.25390625
1 0.23828125 0.15625 0.03515625 0.05390625
1 0.48203125 0.45625 0.05859375 0.1375
1 0.2703125 0.2625 0.0421875 0.075
1 0.34609375 0.22265625 0.03515625 0.0625
1 0.29140625 0.0875 0.0234375 0.03359375
1 0.340625 0.29375 0.0421875 0.07890625
1 0.325 0.40234375 0.06796875 0.1625
1 0.4625 0.33359375 0.05625 0.125
1 0.33203125 0.09375 0.02578125 0.07109375
1 0.2015625 0.47109375 0.0890625 0.175
1 0.31484375 0.01015625 0.0140625 0.0203125
1 0.43046875 0.20234375 0.05859375 0.10390625
1 0.31796875 0.02890625 0.01640625 0.025
1 0.2921875 0.0125 0.01171875 0.01640625
0 0.25859375 0.69375 0.15 0.42890625