1 0.23671875 0.15625 0.0328125 0.05390625
1 0.49296875 0.55390625 0.065625 0.16640625
1 0.37578125 0.07890625 0.0234375 0.03359375
1 0.29140625 0.09609375 0.0234375 0.05
1 0.359375 0.04375 0.01875 0.02890625
1 0.3203125 0.04140625 0.01640625 0.025
1 0.2921875 0.0375 0.01640625 0.025
1 0.3171875 0.01640625 0.0140625 0.01640625
1 0.3453125 0.01875 0.0140625 0.02109375
1 0.4578125 0.33359375 0.0234375 0.05859375
1 0.32734375 0.05625 0.02109375 0.02890625
1 0.28515625 0.55625 0.08203125 0.17890625
1 0.3296875 0.08515625 0.02109375 0.0375
0 0.27109375 0.27734375 0.05390625 0.1375