1 0.5 0.61640625 0.0703125 0.19140625
1 0.2609375 0.66015625 0.103125 0.2125
1 0.23671875 0.15625 0.0328125 0.05390625
1 0.29140625 0.10859375 0.0234375 0.05
1 0.378125 0.08984375 0.0234375 0.0375
1 0.36171875 0.04765625 0.01875 0.02890625
1 0.3296875 0.08359375 0.02578125 0.05859375
1 0.34765625 0.02265625 0.0140625 0.02109375
1 0.321875 0.04375 0.01875 0.02890625
1 0.2921875 0.04609375 0.01640625 0.025
1 0.3171875 0.01875 0.0140625 0.02109375
1 0.4578125 0.33359375 0.0234375 0.05859375
0 0.259375 0.3125 0.06328125 0.15859375