1 0.28515625 0.18984375 0.03515625 0.0625
1 0.28671875 0.67109375 0.0890625 0.20859375
1 0.340625 0.40234375 0.0515625 0.12109375
1 0.29140625 0.12109375 0.0234375 0.04140625
1 0.23671875 0.15625 0.0328125 0.05390625
1 0.34765625 0.26875 0.0375 0.07109375
1 0.07421875 0.85 0.14765625 0.29140625
1 0.49375 0.43984375 0.05859375 0.15390625
1 0.33359375 0.12890625 0.0328125 0.05859375
1 0.28984375 0.05 0.02109375 0.03359375
1 0.32265625 0.05 0.01640625 0.03359375
1 0.4609375 0.30390625 0.04921875 0.09140625
1 0.40234375 0.15859375 0.03984375 0.05859375
1 0.43046875 0.21875 0.03984375 0.07109375
1 0.359375 0.05390625 0.01875 0.03359375
1 0.38828125 0.11015625 0.02578125 0.0375
1 0.378125 0.0875 0.0234375 0.03359375
1 0.36875 0.06875 0.0234375 0.02890625