1 0.10234375 0.71640625 0.13359375 0.23359375
1 0.80078125 0.7125 0.121875 0.25
1 0.284375 0.23515625 0.0375 0.07109375
1 0.29453125 0.69140625 0.09609375 0.23359375
1 0.23828125 0.15625 0.03515625 0.05390625
1 0.34296875 0.37890625 0.0515625 0.10859375
1 0.48359375 0.61640625 0.075 0.19140625
1 0.26328125 0.36015625 0.05625 0.09609375
1 0.484375 0.45390625 0.06796875 0.16640625
1 0.2890625 0.06875 0.01875 0.0375
1 0.29140625 0.12109375 0.0234375 0.04140625
1 0.359375 0.05 0.01875 0.025
1 0.34140625 0.19765625 0.03984375 0.10390625
1 0.34375 0.02265625 0.01640625 0.02109375
1 0.32890625 0.07890625 0.0234375 0.04140625
1 0.334375 0.10859375 0.02578125 0.04140625
1 0.2921875 0.03359375 0.01640625 0.025
1 0.32421875 0.04609375 0.0140625 0.025
0 0.453125 0.27109375 0.065625 0.14140625