1 0.7640625 0.86015625 0.11953125 0.27109375
1 0.48828125 0.69609375 0.0796875 0.23359375
1 0.23671875 0.15390625 0.0328125 0.05859375
1 0.33828125 0.16015625 0.028125 0.0625
1 0.26171875 0.29765625 0.04453125 0.07890625
1 0.315625 0.00859375 0.01640625 0.01640625
1 0.303125 0.45234375 0.0703125 0.15390625
1 0.29921875 0.04609375 0.02109375 0.03359375
1 0.39296875 0.11875 0.02578125 0.04609375
1 0.28984375 0.08984375 0.02109375 0.0375
1 0.47265625 0.39609375 0.05390625 0.11640625
1 0.340625 0.01015625 0.015625 0.0203125
1 0.11875 0.68984375 0.12421875 0.24609375
1 0.32890625 0.0625 0.01875 0.03359375