1 0.1359375 0.6375 0.1171875 0.21640625
1 0.2390625 0.15625 0.0328125 0.05390625
1 0.31796875 0.45859375 0.07265625 0.16640625
1 0.3453125 0.25390625 0.0375 0.075
1 0.20078125 0.94140625 0.12421875 0.10859375
1 0.48125 0.38984375 0.0703125 0.17890625
1 0.34375 0.14765625 0.02578125 0.05390625
1 0.2875 0.09375 0.02109375 0.0375
1 0.43203125 0.24609375 0.0375 0.06640625
1 0.50859375 0.875 0.11015625 0.24140625
1 0.446875 0.30859375 0.03984375 0.08359375
1 0.40234375 0.14609375 0.03515625 0.06640625
1 0.41796875 0.19765625 0.0328125 0.0625
1 0.28671875 0.15390625 0.028125 0.05
1 0.31484375 0.01015625 0.0140625 0.0203125
1 0.37890625 0.09609375 0.02109375 0.04140625
1 0.36640625 0.07109375 0.0234375 0.05
1 0.303125 0.05234375 0.0234375 0.0375
1 0.28984375 0.03359375 0.01640625 0.025
1 0.390625 0.12109375 0.02578125 0.05