1 0.484375 0.46640625 0.05859375 0.13359375
1 0.465625 0.3375 0.04453125 0.09140625
1 0.33125 0.16640625 0.028125 0.05
1 0.23828125 0.15625 0.03046875 0.05390625
1 0.1609375 0.60859375 0.11015625 0.2
1 0.434375 0.23984375 0.0421875 0.07109375
1 0.22421875 0.78515625 0.12890625 0.32890625
1 0.28203125 0.24609375 0.0421875 0.08359375
1 0.2890625 0.11640625 0.0234375 0.04140625
1 0.40859375 0.15234375 0.0328125 0.0625
1 0.36171875 0.06640625 0.0234375 0.04140625
1 0.37578125 0.09609375 0.0234375 0.04140625
1 0.284375 0.07890625 0.0234375 0.03359375
1 0.38984375 0.12265625 0.0234375 0.0375
1 0.32890625 0.08984375 0.01875 0.02890625
1 0.35078125 0.03125 0.01640625 0.02109375
1 0.3265625 0.06015625 0.01875 0.02890625
1 0.31953125 0.025 0.01875 0.025
1 0.3125 0.00390625 0.0125 0.0078125
1 0.32421875 0.04140625 0.0140625 0.01640625
1 0.31015625 0.10390625 0.009375 0.04140625
1 0.340625 0.00625 0.0140625 0.0125