1 0.23828125 0.15625 0.03046875 0.05390625
1 0.3390625 0.25 0.03984375 0.075
1 0.29140625 0.11640625 0.0234375 0.04140625
1 0.4015625 0.14765625 0.0328125 0.05390625
1 0.2890625 0.16640625 0.028125 0.05
1 0.3671875 0.075 0.02109375 0.03359375
1 0.35234375 0.03984375 0.01875 0.02890625
1 0.46015625 0.3 0.046875 0.09140625
1 0.321875 0.04375 0.01875 0.02109375
1 0.34609375 0.01484375 0.01640625 0.02109375
1 0.325 0.07734375 0.02109375 0.02890625
1 0.33125 0.11875 0.0234375 0.0375
1 0.31796875 0.01875 0.01640625 0.02109375
1 0.3359375 0.18984375 0.028125 0.0625
1 0.29140625 0.04609375 0.01875 0.025
1 0.29375 0.025 0.0140625 0.01640625
2 0.1359375 0.6453125 0.271875 0.7