1 0.23671875 0.15390625 0.0328125 0.05859375
1 0.21953125 0.46640625 0.07734375 0.14140625
1 0.42734375 0.21484375 0.0375 0.0625
1 0.29609375 0.15 0.028125 0.05
1 0.278125 0.21015625 0.03515625 0.0625
1 0.03203125 0.93984375 0.06328125 0.1125
1 0.48359375 0.61875 0.075 0.19609375
1 0.3453125 0.37109375 0.046875 0.1
1 0.19609375 0.83125 0.18046875 0.32890625
1 0.484375 0.45625 0.06796875 0.1625
1 0.3953125 0.1375 0.02578125 0.04140625
1 0.3453125 0.24609375 0.0375 0.08359375
1 0.3078125 0.05859375 0.01875 0.04140625
1 0.2609375 0.31484375 0.046875 0.10390625
1 0.34140625 0.00859375 0.01640625 0.01640625
1 0.3484375 0.0375 0.01640625 0.025
1 0.46953125 0.34375 0.065625 0.12109375
1 0.34375 0.18515625 0.03515625 0.0625
1 0.3296875 0.08984375 0.02109375 0.0375
1 0.3625 0.075 0.02109375 0.03359375
1 0.378125 0.10234375 0.0234375 0.02890625
1 0.3125 0.00390625 0.01875 0.0078125
1 0.15 0.65625 0.0421875 0.1375
1 0.33828125 0.12890625 0.028125 0.05
0 0.78671875 0.70390625 0.28671875 0.58359375