1 0.48359375 0.49765625 0.0609375 0.1375
1 0.29140625 0.13984375 0.028125 0.05390625
1 0.2296875 0.43125 0.0703125 0.1375
1 0.3671875 0.07890625 0.02109375 0.04140625
1 0.23671875 0.15859375 0.0328125 0.05859375
1 0.340625 0.22265625 0.0328125 0.0625
1 0.05625 0.88359375 0.1125 0.225
1 0.44609375 0.25625 0.0421875 0.07890625
1 0.4046875 0.1625 0.03046875 0.05859375
1 0.31796875 0.39765625 0.06328125 0.1125
1 0.32421875 0.05859375 0.01875 0.03359375
1 0.31796875 0.025 0.01640625 0.025
1 0.34609375 0.02109375 0.01640625 0.025
1 0.29140625 0.02265625 0.0140625 0.02109375
1 0.4953125 0.97265625 0.0796875 0.04609375