1 0.31796875 0.49375 0.06796875 0.14609375
1 0.490625 0.50390625 0.065625 0.15
1 0.23828125 0.15390625 0.03046875 0.05859375
1 0.45078125 0.275 0.046875 0.075
1 0.50625 0.89375 0.10546875 0.20390625
1 0.33359375 0.09375 0.01875 0.0375
1 0.475 0.38125 0.05390625 0.10390625
1 0.32421875 0.05390625 0.01875 0.04140625
1 0.34375 0.01875 0.01640625 0.02890625
1 0.428125 0.22109375 0.03515625 0.05859375
1 0.3921875 0.11484375 0.028125 0.05390625
1 0.28671875 0.04375 0.0234375 0.02890625
1 0.3625 0.06875 0.02109375 0.0375
1 0.37578125 0.09375 0.01875 0.0375
1 0.40859375 0.17265625 0.0328125 0.05390625
1 0.29375 0.02109375 0.0140625 0.01640625
1 0.31015625 0.00390625 0.0109375 0.0078125
0 0.15703125 0.87734375 0.2296875 0.2375