1 0.27578125 0.64609375 0.08671875 0.19140625
1 0.23828125 0.15390625 0.03515625 0.05859375
1 0.49375 0.54140625 0.07265625 0.2
1 0.44453125 0.25625 0.04453125 0.07890625
1 0.27265625 0.33125 0.0515625 0.10390625
1 0.2921875 0.09609375 0.02578125 0.05
1 0.3265625 0.07265625 0.0234375 0.0375
1 0.7921875 0.87890625 0.11953125 0.23359375
1 0.31953125 0.03359375 0.01875 0.03359375
1 0.39765625 0.1375 0.03046875 0.06640625
1 0.33828125 0.16015625 0.0375 0.07890625
1 0.37578125 0.07265625 0.0328125 0.0625
1 0.2921875 0.03125 0.01640625 0.02890625
0 0.0953125 0.75234375 0.18984375 0.4875
0 0.3265625 0.3875 0.0703125 0.225