1 0.25859375 0.67734375 0.09375 0.19609375
1 0.29375 0.1375 0.028125 0.05859375
1 0.47890625 0.38984375 0.0515625 0.10390625
1 0.27734375 0.275 0.0421875 0.075
1 0.23828125 0.15390625 0.03046875 0.05859375
1 0.32265625 0.09609375 0.02109375 0.03359375
1 0.425 0.21484375 0.0375 0.0625
1 0.33125 0.32890625 0.0515625 0.11640625
1 0.37421875 0.09140625 0.02109375 0.04140625
1 0.40234375 0.1375 0.03046875 0.05859375
1 0.5140625 0.73515625 0.0890625 0.27890625
1 0.3578125 0.05859375 0.02109375 0.04140625
1 0.2890625 0.06484375 0.01875 0.0375
1 0.453125 0.2875 0.0421875 0.075
1 0.34609375 0.02109375 0.01640625 0.025
1 0.31953125 0.04375 0.01875 0.02890625
1 0.38359375 0.11640625 0.01640625 0.04140625
1 0.30546875 0.04765625 0.009375 0.02890625