1 0.22734375 0.42734375 0.065625 0.1125
1 0.48828125 0.84140625 0.0984375 0.28359375
1 0.30390625 0.54609375 0.07265625 0.15
1 0.0671875 0.85390625 0.13359375 0.28359375
1 0.490625 0.56015625 0.065625 0.1625
1 0.34140625 0.16875 0.03046875 0.05390625
1 0.27734375 0.24140625 0.046875 0.09140625
1 0.34140625 0.28125 0.03984375 0.09609375
1 0.47890625 0.42890625 0.0515625 0.125
1 0.23828125 0.15390625 0.03046875 0.05859375
1 0.33359375 0.1 0.0234375 0.04140625
1 0.39921875 0.15390625 0.0328125 0.05859375
1 0.35234375 0.03515625 0.01875 0.02890625
1 0.4703125 0.32109375 0.05390625 0.11640625
1 0.42578125 0.21640625 0.03515625 0.06640625
1 0.31484375 0.0125 0.01875 0.025
1 0.34296875 0.01875 0.0140625 0.02890625
1 0.25390625 0.14609375 0.0140625 0.04140625
1 0.4484375 0.26484375 0.0375 0.09609375
1 0.38515625 0.1125 0.0234375 0.04140625
1 0.33671875 0.00234375 0.01640625 0.00390625