1 0.2796875 0.26484375 0.0421875 0.07109375
1 0.340625 0.34140625 0.046875 0.10859375
1 0.23828125 0.15390625 0.03046875 0.05859375
1 0.34609375 0.18359375 0.03046875 0.05859375
1 0.434375 0.25390625 0.0421875 0.06640625
1 0.4609375 0.3375 0.04921875 0.09140625
1 0.28515625 0.15234375 0.03046875 0.05390625
1 0.49375 0.49609375 0.07734375 0.23359375
1 0.4203125 0.20625 0.0328125 0.0625
1 0.21015625 0.84765625 0.15234375 0.29609375
1 0.31484375 0.01640625 0.0140625 0.0328125
1 0.29140625 0.075 0.0234375 0.04140625
1 0.40859375 0.15390625 0.0375 0.06640625
1 0.36875 0.08515625 0.0234375 0.04609375
1 0.3203125 0.03984375 0.01640625 0.02109375
1 0.3828125 0.10625 0.0234375 0.0375
1 0.39453125 0.13125 0.0234375 0.05390625
1 0.36484375 0.05625 0.01171875 0.0125