1 0.47734375 0.49609375 0.05859375 0.15
1 0.44375 0.26640625 0.0421875 0.075
1 0.23671875 0.15390625 0.0328125 0.05859375
1 0.3296875 0.07734375 0.02109375 0.04609375
1 0.28984375 0.13515625 0.02578125 0.04609375
1 0.36484375 0.05859375 0.02109375 0.03359375
1 0.21015625 0.79765625 0.12890625 0.27890625
1 0.278125 0.27109375 0.04453125 0.08359375
1 0.2203125 0.4375 0.0515625 0.05859375
1 0.340625 0.18984375 0.0328125 0.07109375
1 0.30625 0.0125 0.01640625 0.025
1 0.32265625 0.02734375 0.01640625 0.02109375
1 0.23359375 0.38515625 0.05390625 0.0625
1 0.94140625 0.44765625 0.046875 0.10390625
1 0.22734375 0.41015625 0.065625 0.1125
1 0.28984375 0.03125 0.01640625 0.02890625