1 0.49375 0.56640625 0.07265625 0.16640625
1 0.25390625 0.75625 0.1125 0.24609375
1 0.2203125 0.4375 0.075 0.125
1 0.14453125 0.66015625 0.11484375 0.2375
1 0.23828125 0.15625 0.03046875 0.05390625
1 0.03046875 0.96015625 0.0609375 0.07109375
1 0.41796875 0.20625 0.0375 0.0625
1 0.321875 0.05 0.01875 0.03359375
1 0.28984375 0.04140625 0.02109375 0.05
1 0.38828125 0.14140625 0.02578125 0.04140625
1 0.2890625 0.13359375 0.0421875 0.08359375
1 0.3265625 0.08984375 0.01875 0.0375
1 0.315625 0.01640625 0.01640625 0.025
1 0.33671875 0.13515625 0.02109375 0.02890625
1 0.36953125 0.09375 0.01640625 0.0375
1 0.359375 0.05 0.0234375 0.04140625
1 0.38515625 0.11484375 0.0234375 0.02890625
1 0.4515625 0.29765625 0.03984375 0.07890625
0 0.33203125 0.26015625 0.07734375 0.22890625