1 0.34765625 0.23125 0.0328125 0.0625
1 0.23828125 0.15390625 0.03046875 0.05859375
1 0.46953125 0.35859375 0.0515625 0.10859375
1 0.47421875 0.83125 0.0984375 0.30390625
1 0.340625 0.1375 0.028125 0.05
1 0.3265625 0.06484375 0.0234375 0.0375
1 0.4203125 0.21015625 0.0421875 0.0875
1 0.2515625 0.77734375 0.121875 0.2875
1 0.28984375 0.03125 0.01640625 0.02890625
1 0.28515625 0.19765625 0.03046875 0.05390625
1 0.24140625 0.3625 0.0796875 0.18359375
1 0.27578125 0.25625 0.04453125 0.09609375
2 0.1 0.70625 0.19921875 0.39609375