1 0.265625 0.7625 0.1078125 0.24140625
1 0.84296875 0.63125 0.121875 0.20390625
1 0.23828125 0.15625 0.03046875 0.05390625
1 0.35234375 0.25625 0.0375 0.07109375
1 0.46328125 0.35859375 0.05390625 0.11640625
1 0.32265625 0.45390625 0.06328125 0.15
1 0.29140625 0.07890625 0.0234375 0.04140625
1 0.3390625 0.00625 0.01640625 0.0125
1 0.44609375 0.26484375 0.046875 0.07890625
1 0.34765625 0.3625 0.0515625 0.10859375
1 0.265625 0.30625 0.046875 0.0875
1 0.37890625 0.10390625 0.02578125 0.03359375
1 0.340625 0.15 0.028125 0.05859375
1 0.34765625 0.2 0.0328125 0.05859375
1 0.415625 0.175 0.0421875 0.09140625
1 0.39453125 0.14765625 0.01875 0.04609375
1 0.36640625 0.07265625 0.01875 0.02109375
1 0.33125 0.1125 0.028125 0.05
1 0.2875 0.05 0.01640625 0.025
1 0.2921875 0.01875 0.01171875 0.02109375