1 0.5046875 0.6484375 0.07578125 0.2265625
1 0.26796875 0.759375 0.09609375 0.23046875
1 0.1796875 0.58203125 0.0953125 0.18671875
2 0.03671875 0.8578125 0.0734375 0.284375
2 0.31015625 0.50390625 0.09296875 0.27109375
1 0.4734375 0.36484375 0.03515625 0.12265625
1 0.340625 0.303125 0.0546875 0.128125
1 0.43515625 0.2390625 0.04140625 0.1109375
2 0.4140625 0.14453125 0.04609375 0.0984375
2 0.290625 0.19296875 0.03984375 0.075
1 0.340625 0.1734375 0.03125 0.06328125
1 0.23828125 0.15859375 0.0453125 0.0796875
1 0.2921875 0.09375 0.034375 0.0515625
1 0.33828125 0.10234375 0.03046875 0.0515625