1 0.49375 0.65 0.07265625 0.2
1 0.24140625 0.15390625 0.0375 0.05859375
1 0.484375 0.39140625 0.05859375 0.14140625
1 0.45859375 0.29765625 0.04921875 0.10390625
1 0.42734375 0.21875 0.0375 0.0625
1 0.38125 0.11484375 0.02578125 0.04609375
1 0.41171875 0.18359375 0.03984375 0.05859375
1 0.28984375 0.03515625 0.01640625 0.02109375
1 0.33125 0.10234375 0.0328125 0.04609375
1 0.79921875 0.84609375 0.11015625 0.25859375
1 0.36875 0.08125 0.0234375 0.0375
1 0.359375 0.05859375 0.01875 0.03359375
1 0.31953125 0.01875 0.0328125 0.0375
1 0.4 0.15390625 0.03046875 0.05