1 0.27734375 0.70390625 0.0984375 0.20859375
1 0.2796875 0.22734375 0.0375 0.0625
1 0.4953125 0.46875 0.065625 0.12890625
1 0.33828125 0.47265625 0.0609375 0.12890625
1 0.23671875 0.15390625 0.0328125 0.05859375
1 0.34296875 0.34140625 0.046875 0.09140625
1 0.28671875 0.13984375 0.028125 0.04609375
1 0.453125 0.28125 0.0421875 0.07890625
1 0.340625 0.14765625 0.028125 0.04609375
1 0.390625 0.14375 0.03046875 0.05390625
1 0.4234375 0.2125 0.03515625 0.05859375
1 0.37578125 0.08515625 0.0234375 0.0375
1 0.34765625 0.02265625 0.0140625 0.02109375
1 0.29140625 0.02734375 0.0140625 0.02109375
1 0.3453125 0.21640625 0.0328125 0.06640625
1 0.33203125 0.10859375 0.02578125 0.04140625
1 0.36484375 0.06015625 0.02109375 0.02890625
1 0.32890625 0.07265625 0.01875 0.0375
1 0.196875 0.51875 0.0890625 0.17109375
1 0.32265625 0.04609375 0.01640625 0.025
1 0.3203125 0.03125 0.01640625 0.0125
1 0.17734375 0.9625 0.13828125 0.06640625
1 0.3625 0.03359375 0.02109375 0.025
1 0.31640625 0.01015625 0.0140625 0.0203125
1 0.33828125 0.26484375 0.0375 0.0875
1 0.18671875 0.55 0.06796875 0.10859375
0 0.50859375 0.87734375 0.11015625 0.2375