1 0.85234375 0.675 0.121875 0.24140625
1 0.48359375 0.70390625 0.0984375 0.26640625
1 0.26640625 0.71640625 0.11015625 0.25
1 0.075 0.79375 0.15 0.30390625
1 0.27109375 0.29140625 0.04453125 0.08359375
1 0.28984375 0.17890625 0.03046875 0.05859375
1 0.49609375 0.47890625 0.06328125 0.15
1 0.23828125 0.15625 0.03046875 0.05390625
1 0.34765625 0.29609375 0.0421875 0.1
1 0.2921875 0.1 0.02109375 0.03359375
1 0.34375 0.19140625 0.03515625 0.06640625
1 0.42109375 0.21875 0.03515625 0.0625
1 0.32890625 0.45 0.065625 0.13359375
1 0.40390625 0.16875 0.028125 0.05390625
1 0.43515625 0.27890625 0.03046875 0.075
1 0.46796875 0.32734375 0.06328125 0.15390625
1 0.28984375 0.03125 0.01640625 0.02890625
1 0.3640625 0.05859375 0.0234375 0.03359375
1 0.38828125 0.1125 0.03046875 0.05
1 0.32421875 0.05625 0.028125 0.07890625
1 0.35234375 0.0375 0.01875 0.03359375
1 0.3390625 0.13515625 0.02578125 0.04609375
1 0.3765625 0.08984375 0.02109375 0.04609375