1 0.178125 0.56875 0.0890625 0.15390625
1 0.33828125 0.26484375 0.0375 0.07109375
1 0.31328125 0.46875 0.06328125 0.12890625
1 0.23828125 0.15625 0.03046875 0.05390625
1 0.4671875 0.34375 0.0515625 0.10390625
1 0.48203125 0.5875 0.07265625 0.19140625
1 0.25234375 0.375 0.05390625 0.1
1 0.3359375 0.1625 0.028125 0.05
1 0.28984375 0.18125 0.03046875 0.05390625
1 0.41796875 0.20234375 0.0375 0.0625
1 0.28984375 0.08515625 0.02109375 0.0375
1 0.39296875 0.1375 0.03046875 0.05
1 0.3265625 0.0625 0.01875 0.03359375
1 0.35 0.02109375 0.0140625 0.025
1 0.3359375 0.10390625 0.0234375 0.03359375
1 0.31796875 0.02265625 0.01640625 0.02109375
1 0.371875 0.07734375 0.02109375 0.02890625
1 0.2921875 0.0375 0.01640625 0.01640625
1 0.2890625 0.14140625 0.028125 0.03359375
1 0.3125 0.00390625 0.01875 0.0078125
0 0.84765625 0.58984375 0.16875 0.3375