1 0.5046875 0.60859375 0.075 0.19140625
1 0.23671875 0.15859375 0.0328125 0.05859375
1 0.34296875 0.21875 0.0328125 0.0625
1 0.35546875 0.04140625 0.02109375 0.03359375
1 0.29375 0.13984375 0.028125 0.05390625
1 0.38359375 0.10859375 0.02578125 0.05
1 0.29375 0.0875 0.0234375 0.04140625
1 0.42734375 0.21640625 0.0375 0.06640625
1 0.46328125 0.33515625 0.04921875 0.10390625
1 0.33671875 0.35859375 0.04921875 0.10859375
1 0.33125 0.09609375 0.028125 0.05
1 0.103125 0.77734375 0.09375 0.1625
1 0.33828125 0.01015625 0.0171875 0.0203125
1 0.29140625 0.02265625 0.0140625 0.02109375
1 0.12421875 0.725 0.1359375 0.26640625
1 0.3125 0.00234375 0.0140625 0.00390625
1 0.14453125 0.66484375 0.09609375 0.14609375