1 0.23828125 0.15390625 0.03515625 0.05859375
1 0.2921875 0.12265625 0.02578125 0.05390625
1 0.509375 0.62734375 0.075 0.22109375
1 0.509375 0.94609375 0.103125 0.1
1 0.3484375 0.02265625 0.01640625 0.02890625
1 0.2921875 0.06875 0.02109375 0.02890625
1 0.3125 0.00625 0.0140625 0.0125
1 0.26796875 0.27265625 0.0375 0.07109375
1 0.2546875 0.18125 0.01640625 0.04609375
1 0.28046875 0.18515625 0.03984375 0.0375
1 0.26640625 0.22734375 0.05390625 0.05390625
1 0.33359375 0.00390625 0.0140625 0.0078125
0 0.29375 0.4375 0.15 0.5