1 0.4796875 0.72109375 0.09609375 0.25
1 0.33125 0.35390625 0.046875 0.1
1 0.28203125 0.23359375 0.0421875 0.08359375
1 0.32734375 0.1 0.02578125 0.04140625
1 0.23671875 0.15859375 0.0328125 0.05859375
1 0.42265625 0.2125 0.0375 0.075
1 0.465625 0.32890625 0.04921875 0.10859375
1 0.21015625 0.80625 0.12890625 0.2125
1 0.3828125 0.11875 0.028125 0.04609375
1 0.0609375 0.86640625 0.121875 0.25859375
1 0.321875 0.05234375 0.01875 0.02890625
1 0.2890625 0.04765625 0.01875 0.02890625
1 0.35234375 0.04375 0.01875 0.02890625