1 0.334375 0.21875 0.03515625 0.0625
1 0.28671875 0.15625 0.028125 0.04609375
1 0.39453125 0.13984375 0.028125 0.04609375
1 0.23828125 0.15390625 0.03046875 0.05859375
1 0.296875 0.46015625 0.07265625 0.1625
1 0.428125 0.22265625 0.03515625 0.07109375
1 0.3203125 0.02265625 0.01640625 0.02890625
1 0.3453125 0.0125 0.0140625 0.01640625
1 0.3296875 0.06640625 0.02109375 0.04140625
1 0.29609375 0.10859375 0.0234375 0.03359375
1 0.28984375 0.04140625 0.01640625 0.025
1 0.31484375 0.00390625 0.0109375 0.0078125