1 0.33828125 0.25390625 0.0375 0.075
1 0.49765625 0.67109375 0.0796875 0.225
1 0.23828125 0.15390625 0.03046875 0.05859375
1 0.4609375 0.33984375 0.04453125 0.09609375
1 0.28984375 0.0375 0.02109375 0.03359375
1 0.3546875 0.03359375 0.01875 0.025
1 0.25 0.35 0.05859375 0.1
1 0.2453125 0.375 0.04921875 0.05
1 0.34609375 0.0125 0.01640625 0.025
1 0.32265625 0.04140625 0.01640625 0.025
1 0.2546875 0.32890625 0.04921875 0.05859375
2 0.196875 0.70859375 0.1875 0.5
2 0.28515625 0.1375 0.03515625 0.08359375