1 0.28203125 0.69765625 0.0984375 0.22109375
1 0.053125 0.9 0.10546875 0.19140625
1 0.8734375 0.57109375 0.1171875 0.18359375
1 0.4609375 0.34765625 0.05390625 0.1125
1 0.23828125 0.15625 0.03046875 0.05390625
1 0.35 0.25 0.0375 0.075
1 0.29140625 0.07109375 0.0234375 0.04140625
1 0.275 0.27109375 0.0421875 0.075
1 0.32421875 0.44140625 0.0609375 0.15
1 0.4421875 0.25625 0.04453125 0.07890625
1 0.378125 0.09765625 0.0234375 0.0375
1 0.34765625 0.35625 0.0515625 0.1125
1 0.41328125 0.16875 0.0421875 0.0875
1 0.3921875 0.14375 0.01875 0.04609375
1 0.340625 0.14609375 0.028125 0.05859375
1 0.36484375 0.0625 0.01640625 0.03359375
1 0.34765625 0.19609375 0.0328125 0.05859375
1 0.33828125 0.00390625 0.0140625 0.0078125
1 0.3296875 0.1125 0.02578125 0.05
1 0.29140625 0.01640625 0.0140625 0.01640625
1 0.321875 0.03984375 0.0234375 0.0375
1 0.32890625 0.06640625 0.01875 0.03359375
1 0.2875 0.04375 0.01640625 0.02109375