1 0.49140625 0.53984375 0.05859375 0.14609375
1 0.2390625 0.15625 0.0328125 0.05390625
1 0.3265625 0.08515625 0.0234375 0.0375
1 0.29140625 0.03359375 0.01875 0.03359375
1 0.2890625 0.10859375 0.0328125 0.075
1 0.3453125 0.24375 0.0375 0.07109375
1 0.128125 0.6875 0.10546875 0.24140625
1 0.36171875 0.05625 0.0234375 0.04609375
1 0.18671875 0.50234375 0.07734375 0.1375
1 0.45078125 0.3 0.046875 0.08359375
1 0.38984375 0.13359375 0.028125 0.04140625
1 0.33359375 0.1375 0.0234375 0.05
1 0.40625 0.18515625 0.0328125 0.05390625
1 0.321875 0.03515625 0.0140625 0.02109375
1 0.37421875 0.09765625 0.02578125 0.04609375
1 0.27734375 0.25234375 0.0609375 0.09609375
0 0.25234375 0.6125 0.20390625 0.575