1 0.13515625 0.65 0.11484375 0.20859375
1 0.3109375 0.49765625 0.06796875 0.15390625
1 0.23828125 0.15390625 0.03046875 0.05859375
1 0.4375 0.275 0.04453125 0.075
1 0.4859375 0.41875 0.0609375 0.12890625
1 0.4046875 0.16484375 0.03046875 0.05390625
1 0.34375 0.28125 0.03984375 0.07890625
1 0.28515625 0.17734375 0.03515625 0.07109375
1 0.28984375 0.12109375 0.02578125 0.04140625
1 0.5140625 0.82265625 0.0890625 0.2875
1 0.321875 0.0375 0.01875 0.025
1 0.33828125 0.10390625 0.0234375 0.03359375
1 0.3265625 0.06640625 0.01875 0.03359375
1 0.234375 0.35390625 0.075 0.1
1 0.38125 0.10390625 0.03046875 0.05859375