1 0.28515625 0.66875 0.09140625 0.19609375
1 0.23671875 0.15390625 0.0328125 0.05859375
1 0.50234375 0.71875 0.075 0.24609375
1 0.2828125 0.17734375 0.03046875 0.04609375
1 0.34140625 0.45390625 0.05859375 0.125
1 0.28984375 0.11015625 0.02109375 0.0375
1 0.484375 0.40390625 0.05859375 0.10859375
1 0.34375 0.33125 0.04453125 0.0875
1 0.02734375 0.94609375 0.05390625 0.1
1 0.18203125 0.91640625 0.16171875 0.15859375
1 0.44375 0.25234375 0.0421875 0.07109375
1 0.41796875 0.19609375 0.0328125 0.05859375
1 0.33671875 0.13515625 0.02578125 0.04609375
1 0.371875 0.07265625 0.02109375 0.0375
1 0.38515625 0.13515625 0.028125 0.0375
1 0.3453125 0.20625 0.0328125 0.0625
1 0.33125 0.09609375 0.0234375 0.04140625
1 0.3578125 0.02734375 0.02109375 0.02109375
1 0.24609375 0.38515625 0.0515625 0.07890625
1 0.36015625 0.05 0.02109375 0.025
1 0.34375 0.0125 0.01171875 0.01640625
1 0.25703125 0.35 0.04921875 0.075
1 0.29140625 0.0125 0.0140625 0.01640625
1 0.3265625 0.0625 0.01875 0.04140625
1 0.340625 0.26484375 0.0375 0.0625
1 0.3203125 0.0375 0.02109375 0.03359375