1 0.21015625 0.46875 0.08203125 0.1375
1 0.46484375 0.34140625 0.046875 0.09140625
1 0.23671875 0.15625 0.0328125 0.05390625
1 0.140625 0.67265625 0.1171875 0.2375
1 0.42578125 0.22734375 0.03984375 0.07109375
1 0.1984375 0.94375 0.10546875 0.10390625
1 0.38984375 0.14765625 0.028125 0.04609375
1 0.49296875 0.77265625 0.121875 0.25390625
1 0.32265625 0.05859375 0.02109375 0.03359375
1 0.3390625 0.16484375 0.03046875 0.04609375
1 0.28515625 0.1625 0.04453125 0.09140625
1 0.3171875 0.02109375 0.0140625 0.025
1 0.3296875 0.1 0.02109375 0.04140625
1 0.29140625 0.05859375 0.0234375 0.05859375
1 0.02265625 0.97265625 0.04453125 0.04609375
1 0.38359375 0.1125 0.02578125 0.04140625
1 0.29140625 0.0125 0.0140625 0.01640625
1 0.3625 0.06015625 0.02109375 0.02890625
1 0.3734375 0.09375 0.0234375 0.0375
0 0.321875 0.31875 0.0890625 0.27890625