1 0.23828125 0.15390625 0.03046875 0.05859375
1 0.4953125 0.68125 0.084375 0.22109375
1 0.46328125 0.34765625 0.04921875 0.10390625
1 0.44375 0.225 0.0421875 0.08359375
1 0.484375 0.46484375 0.05390625 0.12890625
1 0.26796875 0.28515625 0.0421875 0.07890625
1 0.35 0.22265625 0.0375 0.0875
1 0.3296875 0.10234375 0.02578125 0.0375
1 0.40703125 0.15859375 0.03046875 0.05
1 0.33828125 0.14609375 0.028125 0.05
1 0.29140625 0.03984375 0.0234375 0.04609375
1 0.371875 0.09140625 0.02578125 0.04140625
1 0.390625 0.125 0.02578125 0.05
1 0.33359375 0.35234375 0.0515625 0.1125
1 0.32265625 0.05390625 0.01640625 0.025
1 0.34140625 0.00859375 0.01171875 0.01640625
1 0.3671875 0.06015625 0.02109375 0.02890625
1 0.203125 0.48125 0.07734375 0.12890625
1 0.35703125 0.03515625 0.01875 0.02890625
1 0.315625 0.0125 0.01171875 0.01640625
1 0.3203125 0.03125 0.01640625 0.02109375