1 0.42265625 0.19140625 0.0375 0.05859375
1 0.49375 0.58125 0.07265625 0.17890625
1 0.23828125 0.15390625 0.03046875 0.05859375
1 0.37578125 0.0875 0.0234375 0.03359375
1 0.334375 0.12890625 0.02578125 0.04140625
1 0.29140625 0.1 0.01875 0.03359375
1 0.32421875 0.06484375 0.01875 0.02890625
1 0.32265625 0.10234375 0.02109375 0.0375
1 0.35234375 0.03984375 0.01875 0.02109375
1 0.340625 0.01484375 0.0140625 0.02109375
1 0.2890625 0.06484375 0.01875 0.02890625
1 0.2921875 0.0125 0.01171875 0.01640625
1 0.31953125 0.0375 0.01875 0.025
0 0.2546875 0.27890625 0.10078125 0.25859375