1 0.278125 0.72734375 0.10546875 0.24609375
1 0.33125 0.44375 0.0609375 0.12109375
1 0.33359375 0.11484375 0.0234375 0.04609375
1 0.23828125 0.15390625 0.03046875 0.05859375
1 0.22734375 0.43359375 0.075 0.13359375
1 0.2890625 0.10625 0.0234375 0.04609375
1 0.50703125 0.56015625 0.0703125 0.19609375
1 0.415625 0.1875 0.0421875 0.06640625
1 0.484375 0.39609375 0.05390625 0.11640625
1 0.28203125 0.25390625 0.0375 0.05859375
1 0.45390625 0.28515625 0.04453125 0.0875
1 0.34140625 0.21640625 0.04453125 0.08359375
1 0.9421875 0.49765625 0.07265625 0.09609375
1 0.3953125 0.125 0.02578125 0.04140625
1 0.36015625 0.05625 0.01640625 0.02890625
1 0.38125 0.09375 0.02578125 0.0375
1 0.31484375 0.01015625 0.0109375 0.0203125
1 0.28984375 0.02109375 0.01640625 0.01640625
1 0.36953125 0.07265625 0.01640625 0.02890625