1 0.334375 0.32109375 0.04453125 0.08359375
1 0.13125 0.6375 0.1359375 0.25859375
1 0.259375 0.70625 0.11015625 0.27109375
1 0.47890625 0.4375 0.0515625 0.13359375
1 0.340625 0.1875 0.0328125 0.05859375
1 0.484375 0.71015625 0.10546875 0.2375
1 0.3640625 0.06484375 0.01875 0.0375
1 0.2390625 0.15390625 0.0328125 0.05859375
1 0.471875 0.325 0.05625 0.11640625
1 0.42734375 0.21875 0.0375 0.0625
1 0.353125 0.03984375 0.02109375 0.02890625
1 0.44921875 0.27265625 0.03984375 0.09609375
1 0.409375 0.17734375 0.03984375 0.0625
1 0.3953125 0.14140625 0.02578125 0.05
1 0.31953125 0.02890625 0.0234375 0.03359375