1 0.23671875 0.15390625 0.0328125 0.05859375
1 0.3078125 0.575 0.075 0.15859375
1 0.47421875 0.38125 0.046875 0.10390625
1 0.4390625 0.24609375 0.0421875 0.06640625
1 0.3453125 0.2625 0.0375 0.075
1 0.3484375 0.375 0.04921875 0.1
1 0.259375 0.32265625 0.04921875 0.0875
1 0.29140625 0.06484375 0.01875 0.02890625
1 0.3671875 0.07734375 0.02109375 0.0375
1 0.415625 0.175 0.0328125 0.05
1 0.28984375 0.13515625 0.02578125 0.04609375
1 0.32734375 0.075 0.02109375 0.03359375
1 0.35703125 0.03984375 0.01875 0.02890625
1 0.3390625 0.15234375 0.03046875 0.05390625
1 0.396875 0.13515625 0.028125 0.04609375
1 0.34375 0.20234375 0.03046875 0.04609375
1 0.2921875 0.03515625 0.01640625 0.02109375
1 0.31796875 0.0125 0.01640625 0.025
1 0.32421875 0.04765625 0.01875 0.02109375
1 0.34609375 0.01875 0.01640625 0.02109375
1 0.24296875 0.75859375 0.11015625 0.16640625
0 0.0703125 0.80234375 0.140625 0.37890625
0 0.48828125 0.88359375 0.1453125 0.225