1 0.2828125 0.19765625 0.03515625 0.0625
1 0.49375 0.46015625 0.05859375 0.12890625
1 0.29375 0.63515625 0.09375 0.19609375
1 0.34140625 0.19609375 0.03046875 0.05859375
1 0.2390625 0.15625 0.0328125 0.05390625
1 0.5109375 0.68359375 0.08203125 0.25
1 0.40390625 0.14375 0.028125 0.04609375
1 0.33828125 0.3125 0.05625 0.11640625
1 0.46953125 0.33984375 0.046875 0.1125
1 0.428125 0.22265625 0.04453125 0.07890625
1 0.3203125 0.04140625 0.01640625 0.025
1 0.28984375 0.0375 0.02109375 0.03359375
1 0.38515625 0.10234375 0.0234375 0.0375
1 0.1921875 0.52890625 0.0890625 0.15859375
1 0.3625 0.0625 0.01640625 0.03359375
1 0.37421875 0.07890625 0.02578125 0.03359375
1 0.3171875 0.01640625 0.0140625 0.01640625