1 0.3203125 0.52109375 0.07265625 0.15859375
1 0.19453125 0.525 0.0890625 0.15859375
1 0.47265625 0.40859375 0.05390625 0.11640625
1 0.27734375 0.2625 0.0421875 0.06640625
1 0.3484375 0.24609375 0.03515625 0.075
1 0.44375 0.27890625 0.0421875 0.075
1 0.23828125 0.15390625 0.03046875 0.05859375
1 0.29140625 0.11015625 0.0234375 0.04609375
1 0.4234375 0.2125 0.03515625 0.06640625
1 0.315625 0.025 0.01640625 0.03359375
1 0.38515625 0.11015625 0.0234375 0.0375
1 0.4109375 0.1625 0.0375 0.06640625
1 0.32265625 0.05390625 0.01640625 0.025
1 0.37109375 0.08984375 0.0234375 0.04609375
1 0.2921875 0.03515625 0.01640625 0.02890625
1 0.396875 0.13515625 0.0234375 0.05390625
1 0.3390625 0.15 0.03515625 0.05859375
0 0.5015625 0.76875 0.10546875 0.40390625