1 0.28671875 0.2 0.0328125 0.05859375
1 0.23828125 0.15390625 0.03046875 0.05859375
1 0.3453125 0.28984375 0.0421875 0.0875
1 0.3453125 0.16484375 0.028125 0.05390625
1 0.4328125 0.25 0.03984375 0.06640625
1 0.48671875 0.42734375 0.07265625 0.20390625
1 0.28671875 0.11875 0.0234375 0.0375
1 0.01640625 0.97265625 0.0328125 0.04609375
1 0.45390625 0.31484375 0.04453125 0.0875
1 0.28515625 0.60390625 0.09609375 0.225
1 0.31484375 0.0125 0.0140625 0.025
1 0.2984375 0.06015625 0.028125 0.04609375
1 0.4046875 0.15 0.03515625 0.06640625
1 0.41875 0.20234375 0.03515625 0.0625
1 0.32890625 0.08515625 0.0328125 0.0875
1 0.38046875 0.10234375 0.0234375 0.0375
1 0.36953125 0.075 0.02578125 0.05
1 0.3921875 0.12734375 0.0234375 0.05390625
1 0.2890625 0.03359375 0.01875 0.04140625