1 0.50703125 0.56484375 0.0703125 0.17109375
1 0.23828125 0.15390625 0.03046875 0.05859375
1 0.47421875 0.37265625 0.05625 0.12890625
1 0.3453125 0.28359375 0.0375 0.075
1 0.240625 0.38515625 0.06328125 0.1125
1 0.41171875 0.16640625 0.03046875 0.05
1 0.31953125 0.42734375 0.075 0.1625
1 0.32734375 0.09140625 0.02109375 0.03359375
1 0.225 0.88125 0.1359375 0.22890625
1 0.4421875 0.25859375 0.05390625 0.09140625
1 0.3921875 0.11640625 0.028125 0.04140625
1 0.36640625 0.06640625 0.01875 0.03359375
1 0.2875 0.06875 0.02578125 0.05390625
1 0.3203125 0.04140625 0.01640625 0.025
1 0.51171875 0.97890625 0.0890625 0.03359375
1 0.37890625 0.08515625 0.02578125 0.02890625
1 0.33203125 0.00234375 0.01171875 0.00390625
1 0.31953125 0.02109375 0.0140625 0.01640625