1 0.24375 0.6875 0.1125 0.24140625
1 0.8671875 0.58515625 0.11015625 0.19609375
1 0.49296875 0.77265625 0.0890625 0.24609375
1 0.484375 0.5 0.06328125 0.15859375
1 0.47421875 0.33125 0.05625 0.09609375
1 0.22265625 0.425 0.075 0.15
1 0.23671875 0.15625 0.0328125 0.05390625
1 0.3296875 0.14765625 0.02578125 0.04609375
1 0.28984375 0.06640625 0.01640625 0.03359375
1 0.321875 0.075 0.01875 0.03359375
1 0.28984375 0.02265625 0.01640625 0.02109375
1 0.31796875 0.01875 0.01640625 0.0125
1 0.32421875 0.05234375 0.01875 0.02109375
1 0.32265625 0.03515625 0.01171875 0.0125