1 0.32890625 0.34609375 0.0515625 0.11640625
1 0.28671875 0.14140625 0.0328125 0.06640625
1 0.34375 0.20625 0.03046875 0.0625
1 0.48828125 0.51875 0.05625 0.14609375
1 0.23828125 0.15390625 0.03046875 0.05859375
1 0.0390625 0.91875 0.07734375 0.15390625
1 0.4703125 0.38515625 0.05390625 0.1125
1 0.4578125 0.26484375 0.046875 0.09609375
1 0.278125 0.66015625 0.10546875 0.27109375
1 0.33203125 0.11015625 0.02109375 0.0375
1 0.29140625 0.04765625 0.01875 0.02890625
1 0.32734375 0.06875 0.01640625 0.02890625
1 0.41640625 0.18515625 0.03515625 0.05390625
1 0.40234375 0.14609375 0.03046875 0.05
1 0.3484375 0.02734375 0.01640625 0.02109375
1 0.37890625 0.10859375 0.03046875 0.05
1 0.37421875 0.07734375 0.02109375 0.02890625
1 0.3203125 0.04140625 0.01640625 0.025
1 0.36484375 0.05625 0.02109375 0.02890625
1 0.4578125 0.325 0.0234375 0.025
1 0.31484375 0.00859375 0.0140625 0.01640625
0 0.50390625 0.85 0.09609375 0.29140625