1 0.31484375 0.44609375 0.0609375 0.14140625
1 0.34375 0.24765625 0.03515625 0.07109375
1 0.471875 0.39609375 0.05625 0.11640625
1 0.4890625 0.54609375 0.05859375 0.15859375
1 0.29140625 0.0625 0.01875 0.03359375
1 0.50703125 0.89375 0.1125 0.20390625
1 0.23828125 0.15625 0.03046875 0.05390625
1 0.284375 0.18125 0.0375 0.07890625
1 0.41640625 0.19140625 0.03515625 0.05859375
1 0.33359375 0.12734375 0.0234375 0.04609375
1 0.46015625 0.27265625 0.046875 0.09609375
1 0.315625 0.0125 0.01640625 0.025
1 0.3296875 0.07734375 0.02109375 0.0375
1 0.32265625 0.04765625 0.01640625 0.02890625
1 0.35 0.02734375 0.0140625 0.02890625
1 0.37890625 0.1125 0.03046875 0.05
1 0.4046875 0.15390625 0.03046875 0.05
1 0.36640625 0.0625 0.01875 0.025
1 0.3578125 0.04375 0.01640625 0.02109375
1 0.37578125 0.08125 0.0234375 0.02890625
0 0.21796875 0.85234375 0.15 0.2875