1 0.28515625 0.21875 0.03515625 0.0625
1 0.34375 0.30625 0.04453125 0.0875
1 0.23828125 0.15390625 0.03046875 0.05859375
1 0.28515625 0.12890625 0.02578125 0.04140625
1 0.4328125 0.25234375 0.03984375 0.07109375
1 0.45546875 0.32265625 0.046875 0.0875
1 0.3453125 0.17109375 0.028125 0.05859375
1 0.4890625 0.44765625 0.07265625 0.2125
1 0.29609375 0.06484375 0.0234375 0.04609375
1 0.41875 0.20390625 0.03515625 0.05859375
1 0.31484375 0.01484375 0.0140625 0.02890625
1 0.40625 0.15 0.0375 0.06640625
1 0.265625 0.67734375 0.1125 0.2625
1 0.36875 0.08125 0.0234375 0.04609375
1 0.3921875 0.12734375 0.0234375 0.05390625
1 0.38125 0.10625 0.02109375 0.0375
1 0.28515625 0.04140625 0.02578125 0.03359375
1 0.29140625 0.0125 0.0140625 0.025