1 0.1140625 0.75859375 0.13828125 0.275
1 0.34296875 0.27109375 0.0375 0.075
1 0.28046875 0.24140625 0.03984375 0.06640625
1 0.2390625 0.15625 0.0328125 0.05390625
1 0.3265625 0.43359375 0.05625 0.125
1 0.4578125 0.30390625 0.046875 0.08359375
1 0.26328125 0.77109375 0.121875 0.28359375
1 0.21796875 0.46640625 0.075 0.15859375
1 0.41796875 0.20234375 0.0328125 0.05390625
1 0.48828125 0.84140625 0.1453125 0.30859375
1 0.28984375 0.03984375 0.02578125 0.04609375
1 0.31796875 0.01875 0.01640625 0.02890625
1 0.3484375 0.02734375 0.01640625 0.02890625
1 0.3203125 0.04609375 0.01640625 0.025
1 0.48671875 0.5 0.09609375 0.16640625
1 0.4046875 0.17109375 0.02578125 0.04140625
1 0.38359375 0.11875 0.02578125 0.02890625
1 0.390625 0.14140625 0.03046875 0.03359375
1 0.3125 0.00234375 0.0140625 0.00390625
2 0.3359375 0.11875 0.046875 0.12890625