1 0.27578125 0.23515625 0.03515625 0.0625
1 0.49609375 0.65859375 0.07734375 0.20859375
1 0.23828125 0.15390625 0.03046875 0.05859375
1 0.17578125 0.87265625 0.140625 0.24609375
1 0.73203125 0.93125 0.1125 0.12890625
1 0.34140625 0.28359375 0.03984375 0.09140625
1 0.48359375 0.44609375 0.0515625 0.125
1 0.23828125 0.38125 0.05859375 0.09609375
1 0.4375 0.21484375 0.03984375 0.07890625
1 0.4625 0.33359375 0.0515625 0.1
1 0.28984375 0.02890625 0.02109375 0.03359375
1 0.34609375 0.18359375 0.03515625 0.075
1 0.3265625 0.0875 0.01875 0.03359375
1 0.4046875 0.15625 0.03046875 0.04609375
1 0.33671875 0.11875 0.02578125 0.04609375
1 0.37109375 0.0875 0.028125 0.04140625
1 0.3875 0.11875 0.028125 0.04609375
1 0.3203125 0.04140625 0.01640625 0.025
1 0.3625 0.05859375 0.01640625 0.025
1 0.31796875 0.02265625 0.01640625 0.02109375
1 0.35234375 0.03359375 0.0140625 0.025