1 0.840625 0.66875 0.121875 0.22890625
1 0.50234375 0.68515625 0.0890625 0.2625
1 0.23828125 0.15625 0.03515625 0.05390625
1 0.275 0.23515625 0.0375 0.07109375
1 0.29140625 0.125 0.0234375 0.04140625
1 0.4796875 0.45 0.05859375 0.13359375
1 0.46015625 0.32265625 0.05625 0.12109375
1 0.34609375 0.21640625 0.03515625 0.06640625
1 0.428125 0.2 0.05859375 0.10859375
1 0.3296875 0.08359375 0.02578125 0.06640625
1 0.28984375 0.075 0.02109375 0.03359375
1 0.21796875 0.43359375 0.0796875 0.15859375
1 0.32890625 0.37890625 0.065625 0.15
1 0.34140625 0.28984375 0.03984375 0.07890625
1 0.31328125 0.00859375 0.01171875 0.01640625
1 0.31796875 0.02109375 0.01640625 0.025
1 0.29296875 0.01015625 0.0140625 0.0203125
0 0.27265625 0.63515625 0.13125 0.37890625