1 0.2875 0.56875 0.08671875 0.19609375
1 0.34140625 0.29765625 0.04453125 0.0875
1 0.49375 0.5875 0.06796875 0.16640625
1 0.28984375 0.07890625 0.02109375 0.03359375
1 0.23828125 0.15390625 0.03046875 0.05859375
1 0.3359375 0.14609375 0.028125 0.05
1 0.4625 0.27734375 0.046875 0.09609375
1 0.47421875 0.40625 0.05625 0.12109375
1 0.4046875 0.15625 0.03046875 0.05390625
1 0.50390625 0.96484375 0.09609375 0.0625
1 0.33203125 0.09140625 0.02109375 0.04140625
1 0.4203125 0.2 0.0375 0.05859375
1 0.32421875 0.05859375 0.01875 0.03359375
1 0.35 0.03125 0.0140625 0.02890625
1 0.38125 0.11484375 0.03046875 0.05390625
1 0.31796875 0.02109375 0.01640625 0.025
1 0.36875 0.06640625 0.01875 0.025
1 0.2875 0.01640625 0.01640625 0.025
1 0.359375 0.04765625 0.01875 0.02890625
2 0.275 0.23515625 0.0515625 0.09609375