1 0.49140625 0.71015625 0.08203125 0.2125
1 0.13125 0.67734375 0.1265625 0.22109375
1 0.275 0.78515625 0.1171875 0.27109375
1 0.32265625 0.51484375 0.06796875 0.14609375
1 0.44140625 0.28125 0.046875 0.09609375
1 0.23828125 0.15625 0.03046875 0.05390625
1 0.42109375 0.20390625 0.03984375 0.06640625
1 0.2734375 0.29140625 0.04453125 0.075
1 0.3484375 0.22109375 0.03515625 0.06640625
1 0.29140625 0.11875 0.0234375 0.04609375
1 0.353125 0.03515625 0.01640625 0.02890625
1 0.2921875 0.02734375 0.01640625 0.02890625
1 0.35078125 0.32265625 0.03984375 0.09609375
1 0.36640625 0.07109375 0.01875 0.025
1 0.32734375 0.39609375 0.05390625 0.11640625
1 0.3453125 0.17109375 0.0328125 0.05
1 0.31953125 0.02109375 0.01875 0.03359375
1 0.38125 0.10625 0.01640625 0.0375
1 0.4 0.14765625 0.03515625 0.04609375
1 0.33671875 0.13125 0.02578125 0.05390625
1 0.32890625 0.08984375 0.01875 0.02890625
1 0.3265625 0.05859375 0.0140625 0.025
1 0.3953125 0.11015625 0.03046875 0.0375
1 0.3296875 0.09765625 0.02109375 0.04609375