1 0.29140625 0.17109375 0.028125 0.05
1 0.23828125 0.15625 0.03515625 0.05390625
1 0.5 0.74765625 0.103125 0.29609375
1 0.48125 0.475 0.0609375 0.14140625
1 0.2875 0.11015625 0.02578125 0.0375
1 0.34140625 0.31015625 0.04453125 0.0875
1 0.3453125 0.23359375 0.0375 0.06640625
1 0.2609375 0.29765625 0.046875 0.0875
1 0.31328125 0.45625 0.08203125 0.1875
1 0.334375 0.1125 0.03046875 0.075
1 0.1734375 0.54609375 0.103125 0.20859375
1 0.2921875 0.02265625 0.01640625 0.02109375
1 0.25390625 0.50234375 0.0328125 0.10390625
1 0.46484375 0.34375 0.05625 0.12890625
1 0.43203125 0.20859375 0.0609375 0.10859375
1 0.315625 0.01484375 0.01640625 0.02890625
1 0.3203125 0.04140625 0.01640625 0.025
1 0.32890625 0.06640625 0.01875 0.025
0 0.2203125 0.77734375 0.1875 0.4375