1 0.2046875 0.46953125 0.07578125 0.15078125
1 0.33828125 0.43046875 0.06328125 0.14609375
1 0.48046875 0.5921875 0.09453125 0.17421875
1 0.48046875 0.42421875 0.0578125 0.1671875
2 0.24453125 0.734375 0.1375 0.31484375
2 0.0609375 0.84296875 0.121875 0.3140625
2 0.446875 0.234375 0.06953125 0.14765625
1 0.35078125 0.28203125 0.046875 0.10546875
1 0.28359375 0.2609375 0.04921875 0.0859375
1 0.240625 0.15703125 0.0328125 0.06796875
1 0.2890625 0.175 0.03515625 0.0953125
2 0.34375 0.1671875 0.03984375 0.1109375
1 0.29296875 0.071875 0.02265625 0.0546875
1 0.33125 0.08046875 0.02734375 0.0484375