1 0.121875 0.69140625 0.13125 0.23359375
1 0.48203125 0.6125 0.07265625 0.18359375
1 0.44140625 0.25390625 0.0421875 0.075
1 0.23828125 0.15390625 0.03046875 0.05859375
1 0.28984375 0.2 0.03515625 0.08359375
1 0.3359375 0.41875 0.05625 0.12890625
1 0.2890625 0.11015625 0.028125 0.0625
1 0.41875 0.17734375 0.03984375 0.07109375
1 0.32734375 0.07890625 0.02109375 0.025
1 0.321875 0.04375 0.01875 0.0375
1 0.38828125 0.11640625 0.02578125 0.04140625
1 0.2921875 0.06875 0.02109375 0.0375
1 0.4 0.14375 0.02578125 0.05390625
1 0.33828125 0.12109375 0.028125 0.03359375
1 0.371875 0.0875 0.02578125 0.05859375
1 0.46953125 0.36484375 0.0515625 0.12109375
0 0.34375 0.21015625 0.04921875 0.15390625