1 0.4953125 0.54609375 0.0703125 0.18359375
1 0.2390625 0.15390625 0.0328125 0.05859375
1 0.425 0.20234375 0.0328125 0.05390625
1 0.33671875 0.41484375 0.05390625 0.12109375
1 0.340625 0.17265625 0.028125 0.05390625
1 0.45859375 0.31015625 0.05859375 0.10390625
1 0.32890625 0.10390625 0.01875 0.03359375
1 0.2890625 0.07890625 0.01875 0.03359375
1 0.2890625 0.13984375 0.0375 0.07890625
1 0.371875 0.07734375 0.02578125 0.0375
1 0.40234375 0.14609375 0.03046875 0.05
1 0.34140625 0.01484375 0.01640625 0.02890625
1 0.38515625 0.10390625 0.0234375 0.03359375
1 0.321875 0.03515625 0.01875 0.0375
1 0.32734375 0.0625 0.01640625 0.025
1 0.29375 0.01875 0.0140625 0.02109375
1 0.32421875 0.54140625 0.028125 0.1
1 0.31328125 0.00234375 0.01171875 0.00390625
1 0.29921875 0.5375 0.07734375 0.11640625
0 0.2734375 0.60625 0.10546875 0.25390625