1 0.18515625 0.55625 0.09375 0.19609375
1 0.0578125 0.89609375 0.11484375 0.2
1 0.23671875 0.15625 0.0328125 0.05390625
1 0.471875 0.3625 0.0515625 0.11640625
1 0.25703125 0.75390625 0.10546875 0.24140625
1 0.33203125 0.38359375 0.04921875 0.10859375
1 0.42578125 0.22734375 0.03515625 0.05390625
1 0.25859375 0.32265625 0.046875 0.0875
1 0.353125 0.0375 0.02109375 0.04140625
1 0.40390625 0.175 0.0328125 0.05
1 0.3125 0.00625 0.0140625 0.0125
1 0.31953125 0.02890625 0.01875 0.025
1 0.32421875 0.06640625 0.01875 0.01640625
1 0.2921875 0.07265625 0.03046875 0.05390625
1 0.3875 0.14140625 0.0234375 0.03359375
1 0.2921875 0.01484375 0.01640625 0.02109375
1 0.37109375 0.07109375 0.01875 0.025
1 0.38359375 0.11875 0.02578125 0.02890625
0 0.4859375 0.67109375 0.1171875 0.375
2 0.3390625 0.1625 0.05390625 0.15