1 0.1921875 0.56875 0.09375 0.1875
1 0.04140625 0.91640625 0.08203125 0.15859375
1 0.34140625 0.38984375 0.05859375 0.12109375
1 0.2390625 0.15625 0.0328125 0.05390625
1 0.34375 0.27109375 0.03515625 0.075
1 0.28203125 0.6625 0.103125 0.225
1 0.24140625 0.38984375 0.0609375 0.12890625
1 0.28984375 0.12890625 0.02578125 0.04140625
1 0.4421875 0.25859375 0.04453125 0.075
1 0.415625 0.19765625 0.0328125 0.05390625
1 0.49140625 0.51875 0.07265625 0.2125
1 0.34140625 0.19140625 0.03046875 0.05859375
1 0.475 0.37109375 0.06796875 0.13359375
1 0.340625 0.0125 0.0140625 0.01640625
1 0.29453125 0.01484375 0.01640625 0.02109375
1 0.36171875 0.05859375 0.01875 0.03359375
1 0.40625 0.17109375 0.028125 0.04140625
1 0.38125 0.1125 0.02578125 0.03359375
1 0.48125 0.86484375 0.103125 0.2625
1 0.33203125 0.11875 0.03515625 0.04609375
1 0.31484375 0.00859375 0.0140625 0.01640625
1 0.3671875 0.08515625 0.02109375 0.02890625
1 0.390625 0.13984375 0.03046875 0.0375