1 0.49296875 0.76015625 0.084375 0.2375
1 0.484375 0.5 0.06328125 0.15859375
1 0.32890625 0.11875 0.0234375 0.04609375
1 0.23671875 0.15625 0.0328125 0.05390625
1 0.26171875 0.30390625 0.04921875 0.10859375
1 0.31484375 0.40390625 0.05625 0.125
1 0.47265625 0.32109375 0.05390625 0.09140625
1 0.28984375 0.05234375 0.01640625 0.02890625
1 0.928125 0.48984375 0.09609375 0.15390625
1 0.31953125 0.05859375 0.01875 0.03359375
1 0.3171875 0.00859375 0.0140625 0.01640625
1 0.321875 0.03515625 0.01875 0.02890625