1 0.334375 0.16875 0.03046875 0.05390625
1 0.23828125 0.15390625 0.03046875 0.05859375
1 0.415625 0.18359375 0.0328125 0.05859375
1 0.3859375 0.11484375 0.02578125 0.04609375
1 0.2890625 0.125 0.0234375 0.04140625
1 0.29453125 0.07890625 0.02109375 0.04140625
1 0.31796875 0.01640625 0.01640625 0.025
1 0.3265625 0.04765625 0.01875 0.0375
1 0.29140625 0.02734375 0.0140625 0.02890625
1 0.340625 0.00625 0.0140625 0.0125
1 0.3203125 0.30234375 0.03515625 0.05390625
2 0.31953125 0.33359375 0.0515625 0.125