1 0.41640625 0.19140625 0.03515625 0.05859375
1 0.23671875 0.15390625 0.0328125 0.05859375
1 0.27578125 0.24609375 0.03984375 0.06640625
1 0.29453125 0.16484375 0.03046875 0.0625
1 0.33671875 0.1125 0.02578125 0.05
1 0.28984375 0.07890625 0.02109375 0.03359375
1 0.31796875 0.37265625 0.05390625 0.10390625
1 0.45546875 0.33984375 0.046875 0.10390625
1 0.353125 0.03125 0.01640625 0.02890625
1 0.31796875 0.00859375 0.01640625 0.01640625
1 0.32265625 0.03515625 0.01640625 0.02109375
1 0.2890625 0.01015625 0.0125 0.0203125
1 0.32421875 0.05234375 0.01875 0.02109375