1 0.3265625 0.38359375 0.0515625 0.10859375
1 0.23671875 0.15625 0.0328125 0.05390625
1 0.334375 0.11875 0.02578125 0.04609375
1 0.29140625 0.10234375 0.0234375 0.0375
1 0.26875 0.30390625 0.04453125 0.08359375
1 0.2109375 0.46640625 0.084375 0.175
1 0.22421875 0.87265625 0.13359375 0.24609375
1 0.34609375 0.02109375 0.01640625 0.025
1 0.29375 0.02109375 0.0140625 0.01640625
1 0.3125 0.00625 0.0140625 0.0125
1 0.33515625 0.00390625 0.0140625 0.0078125
0 0.49140625 0.60625 0.08203125 0.2625
0 0.0796875 0.79609375 0.159375 0.4