1 0.28203125 0.23515625 0.0375 0.0625
1 0.23828125 0.15390625 0.03046875 0.05859375
1 0.31328125 0.54609375 0.07265625 0.15
1 0.4609375 0.31640625 0.04453125 0.08359375
1 0.35078125 0.33359375 0.04453125 0.09140625
1 0.4296875 0.21640625 0.0421875 0.05859375
1 0.28984375 0.09609375 0.02109375 0.04140625
1 0.3453125 0.22890625 0.0328125 0.06640625
1 0.40703125 0.15859375 0.03046875 0.04140625
1 0.36015625 0.06015625 0.02109375 0.02890625
1 0.3453125 0.17109375 0.028125 0.05
1 0.29140625 0.04375 0.0140625 0.02109375
1 0.38828125 0.12109375 0.02578125 0.04140625
1 0.31484375 0.00625 0.0140625 0.0125
1 0.33671875 0.12734375 0.02578125 0.05390625
1 0.32421875 0.05 0.01875 0.025
1 0.29375 0.01640625 0.0140625 0.01640625
1 0.35234375 0.02734375 0.01875 0.02890625
1 0.3203125 0.02890625 0.01640625 0.01640625
0 0.49609375 0.61875 0.08203125 0.2375
0 0.21328125 0.84609375 0.1359375 0.3
2 0.18515625 0.49140625 0.1125 0.225