1 0.29453125 0.46640625 0.06796875 0.14140625
1 0.2875 0.22109375 0.03515625 0.06640625
1 0.23828125 0.15390625 0.03515625 0.05859375
1 0.4859375 0.44140625 0.0609375 0.15859375
1 0.415625 0.18359375 0.0328125 0.05859375
1 0.94140625 0.5125 0.103125 0.10859375
1 0.38046875 0.09609375 0.028125 0.04140625
1 0.221875 0.88984375 0.13359375 0.2125
1 0.2921875 0.05390625 0.02109375 0.04140625
1 0.33203125 0.09375 0.03046875 0.05390625
1 0.31953125 0.04140625 0.01875 0.025
1 0.31484375 0.0125 0.0140625 0.025
1 0.37578125 0.07109375 0.01875 0.025
1 0.359375 0.04765625 0.0234375 0.02890625
1 0.35703125 0.02265625 0.0234375 0.02109375
1 0.29140625 0.01640625 0.0140625 0.01640625
0 0.1171875 0.69765625 0.234375 0.59609375