1 0.28671875 0.20390625 0.0328125 0.05859375
1 0.29140625 0.5625 0.084375 0.18359375
1 0.23828125 0.15625 0.03046875 0.05390625
1 0.3390625 0.21875 0.03515625 0.0625
1 0.47890625 0.45625 0.0609375 0.14609375
1 0.37109375 0.08125 0.0234375 0.0375
1 0.4390625 0.23984375 0.0421875 0.07109375
1 0.3203125 0.38984375 0.05390625 0.1125
1 0.33359375 0.14140625 0.028125 0.05
1 0.38828125 0.12734375 0.03046875 0.04609375
1 0.2734375 0.28359375 0.04453125 0.075
1 0.02734375 0.90859375 0.05390625 0.175
1 0.3578125 0.04140625 0.01640625 0.025
1 0.31328125 0.00625 0.01171875 0.0125
1 0.3296875 0.08984375 0.02109375 0.0375
1 0.325 0.05390625 0.01640625 0.01640625
1 0.31953125 0.02734375 0.0140625 0.02109375
1 0.2921875 0.10234375 0.02109375 0.02890625
1 0.2921875 0.07265625 0.02109375 0.02890625
1 0.33828125 0.00234375 0.0140625 0.00390625