1 0.31015625 0.63125 0.0890625 0.19609375
1 0.51171875 0.68984375 0.0796875 0.22890625
1 0.20390625 0.9375 0.1171875 0.11640625
1 0.46953125 0.38984375 0.0515625 0.10390625
1 0.42109375 0.225 0.03984375 0.075
1 0.32890625 0.46640625 0.0609375 0.13359375
1 0.23828125 0.15390625 0.03046875 0.05859375
1 0.0859375 0.75 0.13828125 0.24140625
1 0.2828125 0.23515625 0.03515625 0.05390625
1 0.40390625 0.16015625 0.0328125 0.05390625
1 0.29140625 0.11484375 0.0234375 0.0375
1 0.315625 0.00859375 0.01640625 0.01640625
1 0.33359375 0.33359375 0.046875 0.10859375
1 0.34765625 0.20390625 0.0328125 0.05859375
1 0.35 0.26640625 0.0375 0.08359375
1 0.34140625 0.15625 0.03046875 0.04609375
1 0.34296875 0.0125 0.0140625 0.025
1 0.29140625 0.05 0.01875 0.025
1 0.36875 0.075 0.0140625 0.03359375
1 0.334375 0.1125 0.02578125 0.04140625
1 0.3875 0.11484375 0.028125 0.0375
1 0.3546875 0.04140625 0.01875 0.025
1 0.38359375 0.08125 0.02578125 0.02890625