1 0.34375 0.23515625 0.03515625 0.07109375
1 0.44140625 0.24375 0.0421875 0.07890625
1 0.23671875 0.15859375 0.0328125 0.05859375
1 0.33671875 0.14609375 0.02578125 0.05
1 0.48359375 0.43359375 0.05625 0.125
1 0.25859375 0.35625 0.05625 0.1125
1 0.29375 0.08359375 0.0234375 0.04140625
1 0.36875 0.07890625 0.01875 0.03359375
1 0.4046875 0.15625 0.03046875 0.05390625
1 0.34765625 0.01875 0.01875 0.02890625
1 0.325 0.05859375 0.02109375 0.04140625
1 0.29375 0.04609375 0.01875 0.03359375
1 0.3203125 0.02890625 0.01640625 0.025
1 0.33359375 0.00390625 0.0171875 0.0078125
2 0.275 0.63125 0.121875 0.32109375