1 0.303125 0.59140625 0.0796875 0.16640625
1 0.48359375 0.45 0.0515625 0.125
1 0.23828125 0.15390625 0.03046875 0.05859375
1 0.44921875 0.27734375 0.04921875 0.07109375
1 0.34609375 0.40234375 0.05390625 0.1125
1 0.2875 0.175 0.03046875 0.05859375
1 0.34375 0.28984375 0.03984375 0.07890625
1 0.37109375 0.09140625 0.0234375 0.04140625
1 0.42109375 0.19375 0.03515625 0.05390625
1 0.2875 0.08515625 0.02109375 0.0375
1 0.34140625 0.16875 0.03046875 0.05390625
1 0.40390625 0.15234375 0.0328125 0.04609375
1 0.33125 0.08984375 0.0234375 0.0375
1 0.36015625 0.05 0.02109375 0.03359375
1 0.2875 0.05 0.02109375 0.025
1 0.2203125 0.43515625 0.0609375 0.1125
1 0.34140625 0.21875 0.03046875 0.05390625
1 0.32734375 0.06015625 0.02109375 0.02890625
1 0.3203125 0.02734375 0.01640625 0.02890625
1 0.35 0.02734375 0.01875 0.02109375
1 0.23828125 0.39765625 0.04921875 0.0625
1 0.3484375 0.00859375 0.01640625 0.01640625
1 0.2203125 0.80234375 0.140625 0.1875