2 0.3140625 0.45625 0.0671875 0.2453125
2 0.078125 0.77578125 0.15625 0.4453125
1 0.26875 0.69140625 0.0859375 0.2015625
1 0.2390625 0.4203125 0.065625 0.15078125
1 0.340625 0.215625 0.05390625 0.10625
1 0.45859375 0.30703125 0.06953125 0.08984375
1 0.50703125 0.5890625 0.08984375 0.25625
1 0.415625 0.1765625 0.05625 0.09296875
1 0.23671875 0.15 0.05078125 0.07265625
1 0.2890625 0.12421875 0.03984375 0.06640625
1 0.3359375 0.1046875 0.0265625 0.05546875
1 0.3890625 0.10078125 0.05703125 0.08515625
1 0.28671875 0.0515625 0.03046875 0.0421875
1 0.32890625 0.05390625 0.03203125 0.04140625