1 0.490625 0.52890625 0.065625 0.15
1 0.2390625 0.15625 0.0328125 0.05390625
1 0.14765625 0.65390625 0.1125 0.23359375
1 0.225 0.425 0.075 0.125
1 0.321875 0.04765625 0.01875 0.02890625
1 0.44609375 0.2875 0.0421875 0.075
1 0.03203125 0.95625 0.06328125 0.07890625
1 0.29140625 0.03515625 0.01875 0.04609375
1 0.2875 0.125 0.03984375 0.075
1 0.27265625 0.6875 0.103125 0.21640625
1 0.31484375 0.0125 0.0140625 0.025
1 0.32734375 0.08515625 0.02109375 0.0375
1 0.38828125 0.14140625 0.02578125 0.03359375
1 0.415625 0.19765625 0.0375 0.0625
1 0.33828125 0.12890625 0.01875 0.025
1 0.36015625 0.05625 0.02109375 0.02890625
1 0.37421875 0.09375 0.02578125 0.0375
1 0.38359375 0.11875 0.02578125 0.02890625
1 0.35703125 0.0375 0.01875 0.025
0 0.334375 0.24375 0.07265625 0.22109375