1 0.79453125 0.72890625 0.12421875 0.24140625
1 0.3109375 0.53125 0.07734375 0.17109375
1 0.08125 0.775 0.14765625 0.25859375
1 0.48828125 0.66875 0.0796875 0.24609375
1 0.2875 0.18125 0.03046875 0.05390625
1 0.23828125 0.15859375 0.03046875 0.05859375
1 0.49375 0.45625 0.06328125 0.14609375
1 0.34375 0.35625 0.04921875 0.10390625
1 0.29140625 0.1125 0.0234375 0.04140625
1 0.415625 0.20390625 0.0328125 0.05
1 0.34765625 0.24765625 0.0375 0.0875
1 0.2359375 0.39140625 0.05390625 0.1
1 0.39921875 0.15859375 0.028125 0.05
1 0.28984375 0.06484375 0.02109375 0.02890625
1 0.38125 0.09609375 0.02578125 0.05
1 0.43203125 0.2625 0.0328125 0.075
1 0.34140625 0.17109375 0.03046875 0.05859375
1 0.46484375 0.3125 0.0609375 0.15
1 0.3578125 0.05 0.01640625 0.025
1 0.34765625 0.02734375 0.01875 0.02890625
1 0.2921875 0.02265625 0.01171875 0.02109375
1 0.1140625 0.26484375 0.02109375 0.04609375
1 0.334375 0.09765625 0.02109375 0.0375
1 0.2484375 0.35390625 0.0515625 0.075