1 0.3390625 0.17890625 0.03046875 0.05859375
1 0.33125 0.10859375 0.0234375 0.04140625
1 0.23671875 0.15859375 0.0328125 0.05859375
1 0.4671875 0.33515625 0.046875 0.09609375
1 0.42109375 0.18984375 0.03515625 0.0625
1 0.38828125 0.12109375 0.02578125 0.04140625
1 0.28515625 0.2375 0.03515625 0.075
1 0.3203125 0.03515625 0.02109375 0.0375
1 0.05859375 0.86875 0.1171875 0.25390625
1 0.36015625 0.05625 0.02109375 0.02890625
1 0.340625 0.00859375 0.0140625 0.01640625
1 0.29375 0.05 0.01875 0.03359375
1 0.29453125 0.02890625 0.01640625 0.025
0 0.3265625 0.38125 0.0703125 0.17890625