1 0.49765625 0.62265625 0.0796875 0.1875
1 0.14296875 0.66640625 0.1171875 0.24140625
1 0.2171875 0.45 0.07734375 0.13359375
1 0.23828125 0.15625 0.03046875 0.05390625
1 0.22890625 0.85234375 0.12890625 0.2875
1 0.45546875 0.3125 0.0421875 0.08359375
1 0.0296875 0.96484375 0.05859375 0.0625
1 0.4203125 0.21484375 0.0375 0.0625
1 0.32734375 0.09375 0.02109375 0.0375
1 0.38984375 0.14375 0.028125 0.0375
1 0.2890625 0.14375 0.0421875 0.0875
1 0.321875 0.05390625 0.01875 0.03359375
1 0.315625 0.01640625 0.01640625 0.025
1 0.29140625 0.04609375 0.0234375 0.05
1 0.359375 0.05 0.0234375 0.04140625
1 0.3390625 0.14609375 0.03046875 0.03359375
1 0.36640625 0.09609375 0.0140625 0.03359375
1 0.38515625 0.11484375 0.0234375 0.02890625
1 0.3734375 0.09375 0.028125 0.0375
0 0.3296875 0.27734375 0.07734375 0.24609375