1 0.5 0.59609375 0.075 0.2
1 0.15703125 0.61640625 0.1125 0.19140625
1 0.409375 0.1625 0.03046875 0.05859375
1 0.29140625 0.07890625 0.01875 0.03359375
1 0.23828125 0.15859375 0.03046875 0.05859375
1 0.29375 0.12890625 0.028125 0.04140625
1 0.31484375 0.01640625 0.0171875 0.0328125
1 0.36171875 0.05390625 0.01875 0.025
1 0.34296875 0.01875 0.01875 0.02890625
1 0.4578125 0.33359375 0.0234375 0.05859375
1 0.29140625 0.01015625 0.0140625 0.0203125
1 0.33671875 0.17265625 0.03515625 0.05390625
0 0.225 0.775 0.16875 0.44140625