1 0.4859375 0.7875 0.09375 0.25859375
1 0.490625 0.55625 0.065625 0.1625
1 0.475 0.40234375 0.04921875 0.12109375
1 0.9046875 0.53515625 0.11953125 0.1625
1 0.29375 0.1625 0.028125 0.05
1 0.3359375 0.3 0.046875 0.1
1 0.33671875 0.15 0.02578125 0.05
1 0.2390625 0.15390625 0.0328125 0.05859375
1 0.29140625 0.07109375 0.0234375 0.04140625
1 0.42265625 0.19375 0.0375 0.07109375
1 0.29453125 0.1125 0.02109375 0.04140625
1 0.26328125 0.29609375 0.05625 0.14140625
1 0.33125 0.09375 0.0234375 0.04609375
1 0.4484375 0.25234375 0.046875 0.09609375
1 0.39921875 0.15 0.028125 0.05
1 0.3765625 0.10390625 0.02578125 0.03359375
1 0.3265625 0.05859375 0.01875 0.03359375
1 0.321875 0.03125 0.01875 0.02890625
1 0.33671875 0.00234375 0.01640625 0.00390625
1 0.25234375 0.14140625 0.01640625 0.04140625
1 0.36875 0.075 0.01875 0.03359375
0 0.27109375 0.62265625 0.15234375 0.45390625
0 0.0765625 0.83515625 0.15234375 0.32109375