1 0.0625 0.85625 0.12421875 0.27890625
1 0.465625 0.40234375 0.05390625 0.1125
1 0.34296875 0.14765625 0.028125 0.04609375
1 0.23828125 0.15390625 0.03046875 0.05859375
1 0.43046875 0.22890625 0.03984375 0.06640625
1 0.3296875 0.41875 0.06328125 0.12109375
1 0.215625 0.85 0.1359375 0.29140625
1 0.33125 0.09375 0.0234375 0.0375
1 0.39453125 0.14140625 0.0328125 0.06640625
1 0.32421875 0.04609375 0.01875 0.03359375
1 0.2890625 0.16015625 0.028125 0.04609375
1 0.28203125 0.2125 0.0421875 0.08359375
0 0.51171875 0.82734375 0.0984375 0.30390625
2 0.1890625 0.48515625 0.14296875 0.25390625