1 0.284375 0.6125 0.09375 0.2
1 0.4484375 0.28515625 0.0421875 0.07890625
1 0.33203125 0.33125 0.04453125 0.0875
1 0.29140625 0.14765625 0.028125 0.05390625
1 0.23671875 0.15859375 0.0328125 0.05859375
1 0.29140625 0.04140625 0.01875 0.03359375
1 0.48359375 0.45390625 0.05625 0.14140625
1 0.28203125 0.2375 0.0421875 0.075
1 0.40234375 0.15 0.03046875 0.05859375
1 0.33828125 0.15 0.0328125 0.05859375
1 0.34609375 0.02734375 0.01640625 0.02890625
1 0.36875 0.07265625 0.0234375 0.0375
1 0.51328125 0.8875 0.09609375 0.21640625
1 0.31484375 0.01015625 0.0171875 0.0203125
1 0.33125 0.09765625 0.01875 0.0375