1 0.3015625 0.48125 0.07734375 0.1375
1 0.23828125 0.15625 0.03515625 0.05390625
1 0.334375 0.13125 0.02578125 0.04609375
1 0.29140625 0.11640625 0.0234375 0.04140625
1 0.2921875 0.02734375 0.01640625 0.02890625
1 0.05546875 0.85625 0.11015625 0.27890625
1 0.26171875 0.33125 0.04921875 0.0875
1 0.184375 0.53359375 0.10078125 0.20859375
1 0.31484375 0.01015625 0.0140625 0.0203125
1 0.35078125 0.03125 0.01640625 0.02890625
1 0.33828125 0.01015625 0.0171875 0.0203125
0 0.48671875 0.79609375 0.10546875 0.4