1 0.3390625 0.18359375 0.03046875 0.05859375
1 0.0375 0.93359375 0.075 0.125
1 0.49375 0.45234375 0.05859375 0.12890625
1 0.23671875 0.15625 0.0328125 0.05390625
1 0.7984375 0.90859375 0.121875 0.175
1 0.42578125 0.21640625 0.04921875 0.075
1 0.21796875 0.4625 0.075 0.13359375
1 0.46953125 0.33359375 0.046875 0.10859375
1 0.40234375 0.14140625 0.02578125 0.04140625
1 0.303125 0.59765625 0.084375 0.17890625
1 0.5109375 0.65390625 0.07734375 0.23359375
1 0.284375 0.17890625 0.0328125 0.05859375
1 0.31953125 0.0375 0.01875 0.025
1 0.28984375 0.03515625 0.02109375 0.0375
1 0.340625 0.29609375 0.0515625 0.10859375
1 0.38359375 0.10234375 0.02578125 0.0375
1 0.3640625 0.0625 0.01875 0.03359375
1 0.37421875 0.07734375 0.02578125 0.02890625
1 0.19921875 0.98984375 0.1171875 0.0125
1 0.31484375 0.01015625 0.0109375 0.0203125