1 0.3359375 0.23359375 0.0375 0.06640625
1 0.28046875 0.2125 0.03046875 0.05859375
1 0.40234375 0.14140625 0.03046875 0.05
1 0.23671875 0.15625 0.0328125 0.05390625
1 0.4515625 0.25390625 0.03984375 0.075
1 0.3359375 0.15 0.028125 0.05
1 0.3265625 0.06875 0.0234375 0.0375
1 0.06796875 0.8625 0.1359375 0.26640625
1 0.3546875 0.04765625 0.01875 0.02890625
1 0.3015625 0.025 0.01640625 0.025
1 0.334375 0.1125 0.02578125 0.04140625
1 0.50703125 0.70859375 0.0796875 0.225
1 0.31328125 0.00625 0.01171875 0.0125
1 0.340625 0.01484375 0.0140625 0.0125
1 0.29140625 0.01015625 0.0140625 0.0125