1 0.21328125 0.73125 0.1125 0.2375
1 0.23671875 0.15625 0.0328125 0.05390625
1 0.47421875 0.40625 0.0515625 0.1125
1 0.2890625 0.10625 0.01875 0.0375
1 0.40390625 0.14140625 0.028125 0.05
1 0.33203125 0.10625 0.02109375 0.0375
1 0.2734375 0.2875 0.04921875 0.08359375
1 0.371875 0.07109375 0.02109375 0.03359375
1 0.32734375 0.06640625 0.02109375 0.03359375
1 0.31953125 0.025 0.01875 0.025
1 0.33671875 0.00625 0.01171875 0.0125
1 0.315625 0.05390625 0.00703125 0.01640625
1 0.30859375 0.00234375 0.01171875 0.00390625