1 0.16796875 0.61015625 0.10078125 0.1875
1 0.4859375 0.44140625 0.0609375 0.14140625
1 0.38046875 0.08984375 0.0234375 0.04609375
1 0.33359375 0.0875 0.028125 0.06640625
1 0.23828125 0.15859375 0.03046875 0.05859375
1 0.2703125 0.31015625 0.0515625 0.0875
1 0.29140625 0.08515625 0.0234375 0.0375
1 0.34609375 0.01875 0.01640625 0.02890625
1 0.2921875 0.05 0.01640625 0.025
1 0.31015625 0.00390625 0.0109375 0.0078125
1 0.33359375 0.00390625 0.0171875 0.0078125
0 0.30625 0.45234375 0.09140625 0.24609375