1 0.48359375 0.55859375 0.0703125 0.2
1 0.28046875 0.21640625 0.03515625 0.05859375
1 0.34375 0.34375 0.04453125 0.09609375
1 0.2890625 0.72734375 0.1078125 0.27109375
1 0.23828125 0.15625 0.03046875 0.05390625
1 0.48125 0.37890625 0.05625 0.11640625
1 0.28984375 0.12734375 0.02578125 0.04609375
1 0.925 0.47890625 0.1265625 0.19140625
1 0.40390625 0.16484375 0.028125 0.04609375
1 0.3875 0.12265625 0.0234375 0.04609375
1 0.35078125 0.25859375 0.03984375 0.075
1 0.41640625 0.21875 0.03046875 0.0625
1 0.22734375 0.42109375 0.0703125 0.11640625
1 0.3671875 0.05859375 0.02109375 0.04140625
1 0.3453125 0.19609375 0.0328125 0.06640625
1 0.4484375 0.25859375 0.05625 0.125
1 0.28984375 0.06875 0.02109375 0.02890625
1 0.29140625 0.03984375 0.01875 0.02890625
1 0.334375 0.1125 0.02578125 0.04140625
1 0.33828125 0.15 0.028125 0.05859375
1 0.25 0.37265625 0.05390625 0.0875