1 0.490625 0.63359375 0.075 0.2
1 0.27734375 0.22734375 0.0375 0.0625
1 0.825 0.6625 0.11015625 0.2
1 0.33671875 0.12734375 0.02578125 0.05390625
1 0.23671875 0.15390625 0.0328125 0.05859375
1 0.32734375 0.325 0.05390625 0.10859375
1 0.3265625 0.04765625 0.01875 0.02890625
1 0.3828125 0.09765625 0.0234375 0.0375
1 0.3015625 0.03515625 0.02109375 0.02890625
1 0.2890625 0.06640625 0.01875 0.03359375
1 0.465625 0.36640625 0.04921875 0.075
1 0.0625 0.85 0.12421875 0.29140625
1 0.31484375 0.00625 0.0140625 0.0125
1 0.20859375 0.47734375 0.0796875 0.1625
1 0.33828125 0.00390625 0.0140625 0.0078125