1 0.33671875 0.39609375 0.05390625 0.11640625
1 0.47734375 0.43515625 0.05859375 0.12890625
1 0.23828125 0.15625 0.03046875 0.05390625
1 0.28984375 0.1125 0.02109375 0.04140625
1 0.21953125 0.83515625 0.13359375 0.3125
1 0.4890625 0.71015625 0.08203125 0.2375
1 0.3390625 0.18359375 0.03046875 0.05859375
1 0.425 0.20859375 0.0375 0.05859375
1 0.3359375 0.11640625 0.0234375 0.04140625
1 0.31953125 0.02890625 0.01875 0.03359375
1 0.46484375 0.2875 0.046875 0.1
1 0.2875 0.03125 0.01640625 0.02890625
1 0.32734375 0.07890625 0.01640625 0.03359375
1 0.353125 0.03515625 0.01640625 0.02890625
1 0.3828125 0.11875 0.0328125 0.05390625
1 0.37109375 0.06875 0.01875 0.02890625
1 0.36171875 0.05234375 0.01875 0.02890625
1 0.40859375 0.1625 0.0328125 0.05859375
0 0.24296875 0.35234375 0.07734375 0.1375