1 0.36875 0.08515625 0.0234375 0.0375
1 0.28671875 0.21640625 0.0328125 0.06640625
1 0.32890625 0.10390625 0.0234375 0.05
1 0.40703125 0.15234375 0.03046875 0.05390625
1 0.23828125 0.15859375 0.03046875 0.05859375
1 0.46953125 0.37734375 0.0515625 0.14609375
1 0.2890625 0.08984375 0.01875 0.0375
1 0.31328125 0.42265625 0.07734375 0.2125
1 0.29140625 0.02734375 0.0140625 0.02109375
1 0.3171875 0.02109375 0.0140625 0.01640625
1 0.3203125 0.29375 0.03984375 0.05390625
1 0.3078125 0.00625 0.0140625 0.0125
1 0.3390625 0.01484375 0.01171875 0.0125