1 0.184375 0.52890625 0.09140625 0.15859375
1 0.50625 0.58515625 0.07265625 0.17890625
1 0.23828125 0.15390625 0.03515625 0.05859375
1 0.09375 0.7875 0.140625 0.3
1 0.3171875 0.525 0.0703125 0.15859375
1 0.334375 0.15390625 0.03046875 0.05
1 0.28984375 0.10390625 0.02578125 0.05
1 0.3953125 0.15625 0.03046875 0.05390625
1 0.428125 0.21875 0.03984375 0.07109375
1 0.4609375 0.32265625 0.04921875 0.0875
1 0.28046875 0.19375 0.04453125 0.10390625
1 0.33828125 0.25859375 0.0375 0.06640625
1 0.2890625 0.05234375 0.01875 0.02890625
1 0.32890625 0.0625 0.01875 0.025
1 0.31796875 0.01875 0.01640625 0.02109375
1 0.38125 0.10390625 0.02578125 0.03359375
1 0.3203125 0.04375 0.01640625 0.02890625
1 0.3640625 0.06640625 0.0234375 0.05
1 0.37578125 0.08125 0.0140625 0.02890625
2 0.25390625 0.33359375 0.0890625 0.16640625