1 0.09609375 0.78515625 0.15 0.27890625
1 0.34765625 0.27265625 0.0375 0.07109375
1 0.4703125 0.35 0.05390625 0.1
1 0.23828125 0.15625 0.03046875 0.05390625
1 0.29609375 0.58984375 0.084375 0.1875
1 0.24609375 0.38359375 0.0609375 0.10859375
1 0.48671875 0.50859375 0.06796875 0.16640625
1 0.47734375 0.90625 0.12421875 0.17890625
1 0.42734375 0.21875 0.0375 0.0625
1 0.4046875 0.15390625 0.02578125 0.05
1 0.3765625 0.09375 0.02578125 0.0375
1 0.3359375 0.12265625 0.0375 0.05390625
1 0.446875 0.28125 0.04453125 0.07890625
1 0.3359375 0.01015625 0.015625 0.0203125
1 0.35546875 0.03125 0.01640625 0.0375
1 0.33203125 0.07265625 0.03515625 0.04609375
1 0.31953125 0.05234375 0.01875 0.0375