1 0.40390625 0.15 0.0328125 0.05
1 0.23828125 0.15390625 0.03046875 0.05859375
1 0.3640625 0.06484375 0.01875 0.02890625
1 0.29140625 0.075 0.01875 0.03359375
1 0.48125 0.44765625 0.0609375 0.1375
1 0.34609375 0.02265625 0.01640625 0.02109375
1 0.31796875 0.07265625 0.01640625 0.02890625
1 0.32265625 0.04609375 0.01640625 0.01640625
1 0.28984375 0.04765625 0.01640625 0.0125
1 0.33125 0.08984375 0.0234375 0.0375
1 0.315625 0.02265625 0.01171875 0.02109375
1 0.3359375 0.00625 0.0140625 0.0125
0 0.2734375 0.20390625 0.05859375 0.19140625