1 0.2921875 0.15234375 0.02578125 0.04609375
1 0.3578125 0.05859375 0.02109375 0.03359375
1 0.23828125 0.16015625 0.03046875 0.0625
1 0.4984375 0.79765625 0.09609375 0.29609375
1 0.32265625 0.06640625 0.02109375 0.04140625
1 0.31015625 0.23359375 0.028125 0.075
1 0.4515625 0.29140625 0.04453125 0.09140625
1 0.38828125 0.11484375 0.02578125 0.0375
1 0.2890625 0.05390625 0.01875 0.025
1 0.3125 0.00390625 0.0125 0.0078125
1 0.33203125 0.00234375 0.01171875 0.00390625
0 0.33203125 0.29609375 0.05390625 0.15