1 0.14453125 0.62890625 0.11015625 0.2
1 0.03671875 0.94375 0.07265625 0.10390625
1 0.51328125 0.70625 0.07734375 0.22890625
1 0.23671875 0.15390625 0.0328125 0.05859375
1 0.34375 0.2625 0.03984375 0.075
1 0.43046875 0.25859375 0.04453125 0.075
1 0.3203125 0.46015625 0.06328125 0.1375
1 0.4 0.15390625 0.03046875 0.05
1 0.47734375 0.37734375 0.06328125 0.1375
1 0.33671875 0.09609375 0.02109375 0.03359375
1 0.37890625 0.1 0.03046875 0.05
1 0.321875 0.03515625 0.01875 0.02890625
1 0.29140625 0.11484375 0.0234375 0.0375
1 0.28671875 0.16640625 0.0328125 0.06640625
1 0.3265625 0.06640625 0.01875 0.03359375
1 0.21953125 0.42265625 0.09140625 0.14609375
1 0.23828125 0.34609375 0.07265625 0.1