1 0.82421875 0.72734375 0.1078125 0.20390625
1 0.49140625 0.6125 0.07265625 0.19140625
1 0.24140625 0.15390625 0.0375 0.05859375
1 0.48203125 0.37890625 0.05859375 0.14140625
1 0.4578125 0.29140625 0.046875 0.1
1 0.42734375 0.22109375 0.0375 0.06640625
1 0.28984375 0.02734375 0.01640625 0.02109375
1 0.37890625 0.11484375 0.02578125 0.04609375
1 0.41171875 0.18359375 0.03984375 0.05859375
1 0.18515625 0.10234375 0.009375 0.02890625
1 0.184375 0.8875 0.15234375 0.21640625
1 0.36015625 0.05625 0.02109375 0.0375
1 0.3953125 0.14765625 0.02109375 0.0375
1 0.3296875 0.09375 0.03046875 0.04609375
1 0.3671875 0.07890625 0.02109375 0.03359375
1 0.31953125 0.01640625 0.0328125 0.0328125