1 0.475 0.44765625 0.05859375 0.12890625
1 0.1125 0.72265625 0.13125 0.2375
1 0.23828125 0.15625 0.03046875 0.05390625
1 0.4484375 0.29609375 0.0421875 0.08359375
1 0.34765625 0.27890625 0.0375 0.08359375
1 0.26640625 0.31484375 0.04921875 0.0875
1 0.29140625 0.12890625 0.028125 0.05859375
1 0.425 0.21875 0.0375 0.0625
1 0.2984375 0.625 0.0890625 0.2
1 0.31796875 0.02890625 0.01640625 0.03359375
1 0.32421875 0.05859375 0.01875 0.025
1 0.38515625 0.1125 0.0234375 0.04140625
1 0.41171875 0.1625 0.03984375 0.06640625
1 0.37109375 0.09140625 0.0234375 0.04140625
1 0.396875 0.1375 0.0234375 0.05859375
1 0.29140625 0.04140625 0.01875 0.03359375
1 0.34140625 0.16640625 0.03515625 0.06640625
1 0.2875 0.07734375 0.02109375 0.0375
0 0.49609375 0.84140625 0.11484375 0.30859375