1 0.415625 0.175 0.0328125 0.05859375
1 0.23671875 0.15859375 0.0328125 0.05859375
1 0.484375 0.47734375 0.05859375 0.1375
1 0.29609375 0.0875 0.0234375 0.04140625
1 0.2890625 0.15234375 0.028125 0.05390625
1 0.3359375 0.25625 0.0375 0.0875
1 0.490625 0.85 0.0984375 0.29140625
1 0.140625 0.9625 0.1265625 0.06640625
1 0.334375 0.10390625 0.02109375 0.04140625
1 0.35234375 0.02734375 0.01875 0.02890625
1 0.165625 0.56484375 0.10078125 0.17109375
1 0.33984375 0.01015625 0.0140625 0.0203125
1 0.31953125 0.025 0.01875 0.025
1 0.3125 0.01015625 0.021875 0.0203125