1 0.5015625 0.66875 0.08671875 0.25390625
1 0.86953125 0.58515625 0.09609375 0.17109375
1 0.0890625 0.7875 0.1546875 0.28359375
1 0.47734375 0.40859375 0.05390625 0.125
1 0.23828125 0.15625 0.03515625 0.05390625
1 0.34296875 0.15390625 0.028125 0.05
1 0.2890625 0.14140625 0.028125 0.05
1 0.34375 0.23984375 0.03515625 0.07109375
1 0.446875 0.27890625 0.04921875 0.10859375
1 0.23671875 0.86015625 0.121875 0.27109375
1 0.29140625 0.05625 0.01875 0.02890625
1 0.33203125 0.34765625 0.06328125 0.12890625
1 0.32265625 0.0375 0.02109375 0.05
1 0.2703125 0.275 0.0515625 0.1
1 0.42265625 0.18125 0.05625 0.10390625
1 0.2921875 0.02265625 0.01640625 0.02109375
1 0.30546875 0.19765625 0.0140625 0.05390625
1 0.31484375 0.00234375 0.0140625 0.00390625
0 0.3015625 0.51875 0.10078125 0.29609375