1 0.4890625 0.82890625 0.10078125 0.3
1 0.3296875 0.40390625 0.05390625 0.125
1 0.2390625 0.15390625 0.0328125 0.05859375
1 0.34765625 0.2 0.0328125 0.05859375
1 0.4703125 0.34375 0.05390625 0.09609375
1 0.02734375 0.94375 0.05390625 0.10390625
1 0.20390625 0.5125 0.0890625 0.15859375
1 0.4859375 0.48984375 0.065625 0.1625
1 0.27265625 0.70625 0.103125 0.2375
1 0.42265625 0.20625 0.0375 0.0625
1 0.39765625 0.13125 0.02578125 0.04609375
1 0.27734375 0.27890625 0.0421875 0.08359375
1 0.36875 0.075 0.0234375 0.03359375
1 0.44609375 0.27265625 0.046875 0.07890625
1 0.33125 0.09375 0.0328125 0.04609375
1 0.35 0.02109375 0.0140625 0.03359375
1 0.3265625 0.04765625 0.0328125 0.04609375
1 0.334375 0.0125 0.01640625 0.025