1 0.34609375 0.23359375 0.03515625 0.06640625
1 0.3265625 0.48125 0.0609375 0.12890625
1 0.23828125 0.15390625 0.03046875 0.05859375
1 0.2875 0.11875 0.02109375 0.0375
1 0.4703125 0.36640625 0.06328125 0.125
1 0.4109375 0.16640625 0.0328125 0.05
1 0.43515625 0.23125 0.03515625 0.0625
1 0.33671875 0.14765625 0.02578125 0.04609375
1 0.25 0.70859375 0.11953125 0.25
1 0.3921875 0.12265625 0.028125 0.0375
1 0.37421875 0.0875 0.02109375 0.03359375
1 0.3359375 0.09609375 0.0234375 0.04140625
1 0.34765625 0.03359375 0.01875 0.025
1 0.32734375 0.0625 0.01640625 0.03359375
1 0.3171875 0.01015625 0.015625 0.0203125
1 0.29375 0.03984375 0.01875 0.02890625
1 0.340625 0.01015625 0.015625 0.0203125
2 0.28203125 0.21015625 0.046875 0.09609375