1 0.484375 0.47890625 0.05859375 0.14140625
1 0.33203125 0.18359375 0.03046875 0.05859375
1 0.23828125 0.15625 0.03046875 0.05390625
1 0.43671875 0.24375 0.0421875 0.07109375
1 0.4671875 0.34375 0.046875 0.0875
1 0.2890625 0.12734375 0.0234375 0.0375
1 0.409375 0.15390625 0.03046875 0.06640625
1 0.1828125 0.87734375 0.15 0.2375
1 0.2875 0.08359375 0.02109375 0.03359375
1 0.11171875 0.71875 0.13828125 0.24609375
1 0.27578125 0.26875 0.04453125 0.09609375
1 0.34140625 0.00859375 0.01640625 0.01640625
1 0.390625 0.12265625 0.02578125 0.0375
1 0.36171875 0.06875 0.0234375 0.0375
1 0.37578125 0.09609375 0.0234375 0.04140625
1 0.33125 0.09609375 0.01875 0.03359375
1 0.3265625 0.05859375 0.01875 0.04140625
1 0.31328125 0.00625 0.01171875 0.0125
1 0.353125 0.03515625 0.01640625 0.02109375
1 0.3109375 0.12109375 0.01171875 0.04140625
1 0.31953125 0.02734375 0.01875 0.02109375