1 0.80859375 0.78515625 0.12421875 0.2875
1 0.5015625 0.68984375 0.08671875 0.2625
1 0.2734375 0.24765625 0.03984375 0.07109375
1 0.23828125 0.15625 0.03515625 0.05390625
1 0.34609375 0.22109375 0.03515625 0.06640625
1 0.28984375 0.13359375 0.02578125 0.05
1 0.4796875 0.45234375 0.05859375 0.1375
1 0.4609375 0.32890625 0.05390625 0.125
1 0.29140625 0.08125 0.0234375 0.0375
1 0.33125 0.0875 0.028125 0.06640625
1 0.34296875 0.29140625 0.0421875 0.075
1 0.32890625 0.39140625 0.065625 0.15859375
1 0.43046875 0.2 0.05859375 0.10859375
1 0.2109375 0.45234375 0.084375 0.1625
1 0.31796875 0.025 0.01640625 0.025
1 0.31484375 0.01015625 0.0140625 0.0203125
0 0.265625 0.66484375 0.140625 0.40390625