1 0.28671875 0.21015625 0.0375 0.07109375
1 0.47734375 0.42109375 0.05390625 0.13359375
1 0.44375 0.27265625 0.0421875 0.07109375
1 0.396875 0.13984375 0.028125 0.05390625
1 0.23671875 0.15859375 0.0328125 0.05859375
1 0.2921875 0.13125 0.02578125 0.04609375
1 0.30390625 0.52890625 0.08203125 0.175
1 0.2921875 0.0375 0.01640625 0.03359375
1 0.36640625 0.06484375 0.01875 0.0375
1 0.3359375 0.13515625 0.0328125 0.05390625
1 0.34375 0.02265625 0.01640625 0.02890625
1 0.33671875 0.29609375 0.03984375 0.08359375
1 0.31484375 0.00859375 0.0140625 0.01640625
1 0.3296875 0.08984375 0.02109375 0.02890625