1 0.20390625 0.53515625 0.0890625 0.17890625
1 0.48203125 0.76875 0.09140625 0.2625
1 0.23828125 0.15390625 0.03046875 0.05859375
1 0.34609375 0.34609375 0.04921875 0.10859375
1 0.30625 0.56015625 0.08203125 0.17890625
1 0.34375 0.25 0.03515625 0.06640625
1 0.2453125 0.37890625 0.05859375 0.125
1 0.48828125 0.49140625 0.0703125 0.19140625
1 0.28984375 0.11015625 0.02578125 0.0375
1 0.415625 0.19765625 0.0328125 0.05390625
1 0.05625 0.87890625 0.1125 0.23359375
1 0.4421875 0.25625 0.04453125 0.07109375
1 0.471875 0.3625 0.0703125 0.125
1 0.33828125 0.00859375 0.0140625 0.01640625
1 0.34140625 0.17890625 0.03046875 0.05
1 0.4046875 0.17109375 0.02578125 0.04140625
1 0.36015625 0.05234375 0.01640625 0.02890625
1 0.38046875 0.11015625 0.0234375 0.02890625
1 0.3265625 0.06484375 0.0375 0.07109375
1 0.396875 0.15234375 0.0234375 0.02109375
1 0.3296875 0.10234375 0.03984375 0.0625
1 0.38828125 0.1375 0.03046875 0.04140625
1 0.3671875 0.08359375 0.02109375 0.025
1 0.3171875 0.02109375 0.0140625 0.01640625
1 0.29140625 0.01015625 0.0171875 0.0203125