1 0.28984375 0.16015625 0.03046875 0.0625
1 0.23671875 0.15859375 0.0328125 0.05859375
1 0.3953125 0.125 0.02578125 0.04140625
1 0.29140625 0.07109375 0.01875 0.03359375
1 0.35546875 0.0375 0.01640625 0.025
1 0.33671875 0.00859375 0.01640625 0.01640625
1 0.37109375 0.07265625 0.01875 0.02890625
1 0.32421875 0.06484375 0.01875 0.02890625
1 0.3203125 0.03515625 0.01640625 0.02109375
1 0.3125 0.00234375 0.0140625 0.00390625
1 0.3359375 0.13125 0.028125 0.04609375
0 0.18984375 0.49765625 0.1171875 0.25390625