1 0.175 0.91484375 0.13828125 0.1625
1 0.4796875 0.4125 0.05390625 0.11640625
1 0.23828125 0.15390625 0.03046875 0.05859375
1 0.29140625 0.16484375 0.0328125 0.07109375
1 0.25859375 0.34609375 0.0515625 0.1
1 0.45625 0.3 0.04453125 0.08359375
1 0.3171875 0.42109375 0.0609375 0.15
1 0.3265625 0.11484375 0.0234375 0.04609375
1 0.42578125 0.22109375 0.03984375 0.06640625
1 0.5140625 0.86875 0.103125 0.25390625
1 0.4046875 0.14140625 0.03046875 0.05859375
1 0.2890625 0.07890625 0.01875 0.04140625
1 0.34765625 0.02265625 0.0140625 0.02109375
1 0.359375 0.0625 0.0234375 0.04140625
1 0.28671875 0.05625 0.01875 0.02890625
1 0.3875 0.11875 0.01875 0.0375
1 0.3203125 0.03125 0.01640625 0.02890625
1 0.32265625 0.06015625 0.01640625 0.02890625
1 0.30546875 0.06484375 0.009375 0.02890625
1 0.37421875 0.09375 0.02109375 0.0375