1 0.7734375 0.76484375 0.11953125 0.27890625
1 0.12421875 0.69765625 0.1171875 0.2125
1 0.23671875 0.15390625 0.0375 0.05859375
1 0.340625 0.36484375 0.046875 0.1125
1 0.2296875 0.46015625 0.075 0.14609375
1 0.48359375 0.63359375 0.075 0.2
1 0.35234375 0.26484375 0.0375 0.07890625
1 0.28203125 0.6625 0.103125 0.25859375
1 0.37578125 0.08515625 0.0234375 0.0375
1 0.484375 0.45859375 0.06796875 0.16640625
1 0.2890625 0.06015625 0.01875 0.02890625
1 0.34140625 0.19609375 0.03046875 0.05859375
1 0.4375 0.25234375 0.03515625 0.07109375
1 0.25390625 0.34375 0.05625 0.1125
1 0.41640625 0.2 0.03046875 0.05
1 0.46953125 0.34609375 0.065625 0.125
1 0.33671875 0.15390625 0.02578125 0.025
1 0.3265625 0.08984375 0.0328125 0.0375
1 0.38984375 0.13984375 0.0328125 0.0375
1 0.31328125 0.01015625 0.01640625 0.0125
1 0.3578125 0.0625 0.02109375 0.025
1 0.33203125 0.12734375 0.01640625 0.02109375
1 0.40234375 0.17109375 0.02578125 0.04140625