1 0.28515625 0.22890625 0.03515625 0.06640625
1 0.09296875 0.75859375 0.14765625 0.26640625
1 0.315625 0.51875 0.07265625 0.15390625
1 0.4859375 0.76015625 0.0984375 0.27109375
1 0.484375 0.48359375 0.06328125 0.15859375
1 0.33828125 0.32265625 0.046875 0.09609375
1 0.23828125 0.15390625 0.03046875 0.05859375
1 0.2390625 0.40390625 0.065625 0.11640625
1 0.34296875 0.16484375 0.028125 0.05390625
1 0.46953125 0.3375 0.0515625 0.09140625
1 0.41875 0.19609375 0.03515625 0.05859375
1 0.3921875 0.11875 0.0234375 0.0375
1 0.36484375 0.0625 0.02109375 0.03359375
1 0.32890625 0.07265625 0.0328125 0.04609375
1 0.44375 0.26640625 0.0421875 0.075
1 0.32421875 0.03359375 0.0328125 0.04140625
1 0.34765625 0.01484375 0.01875 0.02890625
0 0.775 0.87734375 0.121875 0.2375