1 0.33828125 0.1625 0.028125 0.05859375
1 0.2875 0.20859375 0.03046875 0.06640625
1 0.23671875 0.15859375 0.0328125 0.05859375
1 0.4609375 0.30234375 0.04453125 0.0875
1 0.32890625 0.09765625 0.0234375 0.0375
1 0.38359375 0.10859375 0.02578125 0.04140625
1 0.3203125 0.02734375 0.02109375 0.04609375
1 0.35703125 0.05 0.01875 0.025
1 0.33828125 0.00625 0.0140625 0.0125
1 0.29375 0.0375 0.01875 0.04140625
1 0.415625 0.17265625 0.0328125 0.05390625
0 0.334375 0.32890625 0.05859375 0.15859375
0 0.12109375 0.69765625 0.12890625 0.2625