1 0.50234375 0.63125 0.0796875 0.2125
1 0.23828125 0.15390625 0.03046875 0.05859375
1 0.428125 0.2125 0.03515625 0.05859375
1 0.33203125 0.45 0.05859375 0.11640625
1 0.33203125 0.12109375 0.02109375 0.04140625
1 0.34296875 0.19609375 0.0328125 0.05859375
1 0.4625 0.32890625 0.0609375 0.10859375
1 0.2875 0.09375 0.02109375 0.0375
1 0.38828125 0.11015625 0.02578125 0.0375
1 0.371875 0.08125 0.02109375 0.0375
1 0.29375 0.02890625 0.0140625 0.01640625
1 0.40625 0.15390625 0.0328125 0.05
1 0.26171875 0.66015625 0.11015625 0.22890625
1 0.2875 0.16640625 0.03984375 0.08359375
1 0.34375 0.02265625 0.01640625 0.02109375
1 0.31484375 0.00625 0.0140625 0.0125
1 0.3390625 0.00625 0.01640625 0.0125
1 0.325 0.04375 0.01640625 0.02890625
1 0.33125 0.075 0.01875 0.03359375
1 0.32421875 0.03515625 0.0140625 0.0125
1 0.29375 0.5625 0.0796875 0.11640625