1 0.82265625 0.825 0.11953125 0.29140625
1 0.284375 0.16015625 0.028125 0.05390625
1 0.21015625 0.94140625 0.12890625 0.10859375
1 0.49140625 0.44140625 0.05859375 0.125
1 0.23828125 0.15625 0.03515625 0.05390625
1 0.33828125 0.16640625 0.028125 0.05
1 0.07265625 0.84609375 0.1453125 0.3
1 0.509375 0.62734375 0.075 0.22109375
1 0.465625 0.32734375 0.04921875 0.10390625
1 0.425 0.20859375 0.046875 0.075
1 0.4015625 0.1375 0.028125 0.04140625
1 0.31015625 0.56015625 0.0796875 0.1625
1 0.34296875 0.27890625 0.046875 0.1
1 0.31953125 0.03125 0.0140625 0.02109375
1 0.240625 0.39765625 0.06328125 0.1125
1 0.31484375 0.00625 0.0140625 0.0125
1 0.3625 0.05859375 0.01640625 0.03359375
1 0.38359375 0.09765625 0.02578125 0.0375
1 0.371875 0.07734375 0.02109375 0.02890625
1 0.2890625 0.03125 0.01875 0.02890625