1 0.13125 0.67890625 0.121875 0.21640625
1 0.33203125 0.43359375 0.05859375 0.11640625
1 0.23671875 0.15625 0.0328125 0.05390625
1 0.47265625 0.3625 0.05390625 0.1
1 0.4890625 0.55 0.07265625 0.18359375
1 0.3859375 0.11484375 0.02578125 0.04609375
1 0.43046875 0.22734375 0.03984375 0.0625
1 0.36171875 0.04765625 0.01875 0.0375
1 0.34296875 0.18125 0.0421875 0.0625
1 0.45078125 0.28515625 0.046875 0.07890625
1 0.41328125 0.175 0.028125 0.05
1 0.325 0.07734375 0.02109375 0.02890625
1 0.34140625 0.01875 0.01640625 0.02890625
1 0.3125 0.00390625 0.0125 0.0078125
1 0.35 0.03125 0.0140625 0.02890625