1 0.484375 0.71484375 0.10546875 0.27109375
1 0.825 0.78125 0.12890625 0.29609375
1 0.321875 0.48125 0.075 0.14609375
1 0.04609375 0.88984375 0.09140625 0.2125
1 0.2875 0.19765625 0.03515625 0.0625
1 0.49609375 0.48515625 0.06328125 0.15390625
1 0.23828125 0.15859375 0.03046875 0.05859375
1 0.25234375 0.775 0.11953125 0.275
1 0.2640625 0.32734375 0.05390625 0.09609375
1 0.42265625 0.22109375 0.0375 0.05859375
1 0.29140625 0.11015625 0.0234375 0.0375
1 0.34609375 0.3125 0.04453125 0.10859375
1 0.4046875 0.17109375 0.03046875 0.05
1 0.28984375 0.0375 0.01640625 0.025
1 0.38984375 0.1125 0.028125 0.05
1 0.43671875 0.27890625 0.0328125 0.075
1 0.46953125 0.33125 0.0609375 0.15390625
1 0.36484375 0.06484375 0.02109375 0.02890625
1 0.32421875 0.05859375 0.028125 0.075
1 0.34375 0.20234375 0.03515625 0.07109375
1 0.3546875 0.03984375 0.01875 0.02890625
1 0.3359375 0.10859375 0.0234375 0.04140625
1 0.3390625 0.14140625 0.02578125 0.04140625