1 0.17109375 0.56015625 0.0984375 0.17109375
1 0.26796875 0.77265625 0.1125 0.2625
1 0.23828125 0.15390625 0.03515625 0.05859375
1 0.3390625 0.19375 0.03515625 0.0625
1 0.0703125 0.85234375 0.140625 0.2875
1 0.40859375 0.19609375 0.0328125 0.05859375
1 0.52109375 0.87265625 0.121875 0.24609375
1 0.484375 0.42734375 0.05390625 0.12109375
1 0.3359375 0.325 0.046875 0.09140625
1 0.28984375 0.07734375 0.02109375 0.02890625
1 0.2890625 0.13359375 0.028125 0.05859375
1 0.4515625 0.27265625 0.04921875 0.0875
1 0.38828125 0.12265625 0.02578125 0.04609375
1 0.31953125 0.025 0.01875 0.025
1 0.371875 0.07890625 0.02578125 0.05
1 0.33203125 0.07265625 0.02109375 0.02890625
1 0.32265625 0.05234375 0.01640625 0.02890625
2 0.27734375 0.21875 0.046875 0.1125