1 0.36953125 0.08359375 0.02578125 0.04140625
1 0.2390625 0.15390625 0.0328125 0.05859375
1 0.2390625 0.41484375 0.065625 0.1125
1 0.25859375 0.65625 0.103125 0.19609375
1 0.3484375 0.025 0.01640625 0.025
1 0.45078125 0.29140625 0.0421875 0.08359375
1 0.321875 0.04140625 0.01875 0.025
1 0.28515625 0.13984375 0.04453125 0.07109375
1 0.29140625 0.0375 0.0140625 0.025
1 0.31015625 0.03125 0.009375 0.02109375
1 0.3203125 0.01484375 0.00703125 0.0125
1 0.3359375 0.00234375 0.0140625 0.00390625
2 0.28515625 0.09375 0.04453125 0.1625