1 0.2984375 0.67734375 0.0984375 0.24609375
1 0.484375 0.54375 0.06796875 0.19609375
1 0.23828125 0.15390625 0.03046875 0.05859375
1 0.2828125 0.2 0.03046875 0.05859375
1 0.47890625 0.37109375 0.0609375 0.11640625
1 0.934375 0.46015625 0.0796875 0.1375
1 0.3453125 0.33515625 0.046875 0.09609375
1 0.29140625 0.11484375 0.0234375 0.04609375
1 0.4015625 0.16484375 0.028125 0.04609375
1 0.38515625 0.12109375 0.0234375 0.04140625
1 0.36484375 0.05390625 0.02109375 0.04140625
1 0.24375 0.375 0.0609375 0.10859375
1 0.35 0.25390625 0.0375 0.06640625
1 0.41640625 0.21484375 0.03046875 0.0625
1 0.3453125 0.18984375 0.0328125 0.07109375
1 0.44609375 0.25234375 0.05625 0.12109375
1 0.29140625 0.03515625 0.01875 0.02890625
1 0.2890625 0.06015625 0.01875 0.02890625
1 0.29140625 0.01015625 0.0109375 0.0203125
1 0.33828125 0.14609375 0.028125 0.05859375
1 0.34375 0.0125 0.01171875 0.025
1 0.334375 0.11015625 0.02578125 0.0375
1 0.3296875 0.07734375 0.02109375 0.0375
1 0.265625 0.33515625 0.046875 0.07890625