1 0.2609375 0.66015625 0.103125 0.2125
1 0.8765625 0.58515625 0.10078125 0.1625
1 0.48828125 0.57109375 0.065625 0.175
1 0.240625 0.15625 0.03515625 0.05390625
1 0.4796875 0.36484375 0.05859375 0.1375
1 0.38046875 0.11015625 0.0234375 0.04609375
1 0.45546875 0.28359375 0.046875 0.1
1 0.42578125 0.21875 0.03515625 0.0625
1 0.32890625 0.07734375 0.0328125 0.05390625
1 0.41171875 0.18359375 0.03984375 0.05859375
1 0.396875 0.15 0.0234375 0.04140625
1 0.35703125 0.05 0.01875 0.03359375
1 0.36484375 0.07734375 0.02109375 0.0375
1 0.31953125 0.01484375 0.0328125 0.02890625
1 0.28984375 0.02109375 0.01171875 0.01640625