1 0.2515625 0.75859375 0.1125 0.25859375
1 0.24140625 0.15390625 0.0375 0.05859375
1 0.48359375 0.50390625 0.0609375 0.15
1 0.3265625 0.35 0.0515625 0.10859375
1 0.37421875 0.09609375 0.02109375 0.04140625
1 0.47421875 0.3375 0.05625 0.125
1 0.42578125 0.21640625 0.03515625 0.06640625
1 0.4109375 0.18359375 0.0375 0.05859375
1 0.453125 0.27265625 0.046875 0.09609375
1 0.36015625 0.0625 0.02109375 0.03359375
1 0.39765625 0.15234375 0.02578125 0.05390625
1 0.32421875 0.05234375 0.028125 0.04609375
1 0.353125 0.03984375 0.01640625 0.02109375