1 0.50234375 0.65859375 0.0796875 0.21640625
1 0.275 0.27890625 0.0421875 0.075
1 0.23828125 0.15625 0.03046875 0.05390625
1 0.23125 0.875 0.14296875 0.24140625
1 0.340625 0.35390625 0.046875 0.1
1 0.3484375 0.21875 0.03515625 0.07109375
1 0.3265625 0.06875 0.0234375 0.04609375
1 0.340625 0.15 0.028125 0.05
1 0.47421875 0.33515625 0.05625 0.1125
1 0.4390625 0.24609375 0.0421875 0.06640625
1 0.41640625 0.1875 0.03515625 0.05859375
1 0.28984375 0.05625 0.02109375 0.02890625
1 0.3171875 0.0125 0.0140625 0.025
1 0.28671875 0.09140625 0.0234375 0.03359375
1 0.35703125 0.04765625 0.0140625 0.02890625
1 0.29375 0.01875 0.0140625 0.02109375
1 0.38984375 0.13515625 0.0328125 0.05390625
1 0.37578125 0.07890625 0.0234375 0.03359375
1 0.38515625 0.09609375 0.0234375 0.03359375