1 0.50859375 0.59765625 0.07265625 0.1875
1 0.21953125 0.44609375 0.07265625 0.13359375
1 0.23828125 0.15390625 0.03046875 0.05859375
1 0.34609375 0.29765625 0.03984375 0.07890625
1 0.4140625 0.17265625 0.03046875 0.04609375
1 0.3296875 0.09765625 0.02109375 0.0375
1 0.2171875 0.90234375 0.13828125 0.1875
1 0.4765625 0.38125 0.05625 0.1375
1 0.2875 0.07734375 0.02578125 0.05390625
1 0.44453125 0.26640625 0.05390625 0.09140625
1 0.321875 0.05 0.01875 0.025
1 0.39296875 0.12265625 0.02578125 0.0375
1 0.3671875 0.07109375 0.02109375 0.03359375
1 0.378125 0.09140625 0.0234375 0.025
1 0.3203125 0.025 0.01640625 0.01640625
1 0.29375 0.04375 0.009375 0.0125
1 0.33359375 0.00390625 0.0140625 0.0078125
1 0.3171875 0.00859375 0.0140625 0.01640625
0 0.315625 0.45 0.07734375 0.175