1 0.22734375 0.87109375 0.1265625 0.25
1 0.3265625 0.55390625 0.075 0.16640625
1 0.48203125 0.41875 0.05390625 0.12890625
1 0.15 0.62890625 0.1125 0.2
1 0.5203125 0.87734375 0.11953125 0.2375
1 0.23671875 0.15390625 0.0328125 0.05859375
1 0.33828125 0.40234375 0.0515625 0.1125
1 0.40859375 0.1875 0.0328125 0.06640625
1 0.4484375 0.28984375 0.0421875 0.07890625
1 0.25625 0.32109375 0.0515625 0.08359375
1 0.38984375 0.12265625 0.028125 0.04609375
1 0.3453125 0.18515625 0.0328125 0.05390625
1 0.3359375 0.31015625 0.0421875 0.07109375
1 0.3578125 0.05 0.01640625 0.03359375
1 0.34765625 0.24609375 0.0375 0.075
1 0.33359375 0.10390625 0.0234375 0.04140625
1 0.33671875 0.13984375 0.02578125 0.0375
1 0.28984375 0.10390625 0.02109375 0.03359375
1 0.29453125 0.04609375 0.01640625 0.025
1 0.3765625 0.08984375 0.02578125 0.02890625
1 0.32734375 0.075 0.02109375 0.04140625
1 0.37421875 0.05859375 0.02109375 0.025
1 0.3453125 0.02109375 0.0140625 0.01640625
1 0.29453125 0.02109375 0.01171875 0.01640625
1 0.32421875 0.04140625 0.01875 0.025
1 0.33828125 0.26875 0.0375 0.04609375
1 0.3359375 0.00390625 0.0125 0.0078125