1 0.30078125 0.5 0.0796875 0.15859375
1 0.49296875 0.56484375 0.065625 0.1625
1 0.23828125 0.15390625 0.03046875 0.05859375
1 0.18515625 0.91640625 0.159375 0.15859375
1 0.509375 0.925 0.1078125 0.14140625
1 0.47265625 0.4 0.05390625 0.11640625
1 0.28984375 0.07109375 0.02109375 0.03359375
1 0.334375 0.13515625 0.02578125 0.04609375
1 0.46015625 0.27265625 0.046875 0.09609375
1 0.28046875 0.20625 0.04453125 0.0875
1 0.41875 0.19609375 0.03515625 0.05859375
1 0.33125 0.08359375 0.01875 0.03359375
1 0.35 0.02890625 0.0140625 0.025
1 0.31796875 0.01640625 0.01640625 0.025
1 0.32265625 0.05234375 0.01640625 0.02890625
1 0.40390625 0.15234375 0.028125 0.05390625
1 0.38125 0.1125 0.03046875 0.05
1 0.34296875 0.26875 0.0421875 0.07890625
1 0.37578125 0.08515625 0.0234375 0.0375
1 0.3671875 0.06484375 0.02109375 0.02890625