1 0.2796875 0.20234375 0.0375 0.0625
1 0.23828125 0.15390625 0.03515625 0.05859375
1 0.50234375 0.68125 0.0890625 0.2625
1 0.4796875 0.43984375 0.05859375 0.12890625
1 0.29140625 0.1 0.0234375 0.04140625
1 0.34765625 0.20234375 0.0328125 0.0625
1 0.03515625 0.94609375 0.0703125 0.1
1 0.45546875 0.30859375 0.05625 0.11640625
1 0.19375 0.975 0.10078125 0.04140625
1 0.2921875 0.05625 0.02109375 0.02890625
1 0.34296875 0.27890625 0.0421875 0.075
1 0.23828125 0.37265625 0.06796875 0.1375
1 0.32890625 0.3625 0.065625 0.13359375
1 0.32890625 0.06484375 0.0234375 0.0625
1 0.42734375 0.19375 0.05625 0.10390625
1 0.31484375 0.01015625 0.0140625 0.0203125
1 0.93984375 0.47890625 0.10078125 0.125
0 0.2890625 0.57265625 0.1171875 0.3375