1 0.17578125 0.55 0.0890625 0.15859375
1 0.23828125 0.15390625 0.03046875 0.05859375
1 0.49609375 0.69140625 0.08671875 0.225
1 0.484375 0.47109375 0.05390625 0.13359375
1 0.33125 0.11015625 0.0234375 0.0375
1 0.46484375 0.35234375 0.0515625 0.10390625
1 0.259375 0.31875 0.04921875 0.0875
1 0.44609375 0.23359375 0.0421875 0.08359375
1 0.3484375 0.25 0.03984375 0.09140625
1 0.325 0.40234375 0.05390625 0.12109375
1 0.3390625 0.16015625 0.03046875 0.05390625
1 0.40859375 0.16484375 0.0328125 0.04609375
1 0.32265625 0.05859375 0.01640625 0.025
1 0.93984375 0.4875 0.06328125 0.08359375
1 0.29140625 0.04765625 0.0234375 0.04609375
1 0.371875 0.09375 0.02578125 0.04609375
1 0.39296875 0.13359375 0.03046875 0.04140625
1 0.3203125 0.03515625 0.01640625 0.02109375
1 0.2921875 0.00859375 0.01171875 0.01640625
1 0.3453125 0.01015625 0.021875 0.0203125
1 0.3171875 0.01484375 0.0140625 0.02109375
1 0.35 0.025 0.0140625 0.025
1 0.3671875 0.06484375 0.02109375 0.02890625
1 0.35703125 0.04140625 0.01875 0.025