1 0.484375 0.42890625 0.05859375 0.14140625
1 0.23828125 0.15390625 0.03046875 0.05859375
1 0.1140625 0.7125 0.13359375 0.25
1 0.2078125 0.94765625 0.11953125 0.09609375
1 0.41875 0.18125 0.03046875 0.05390625
1 0.51328125 0.72890625 0.08203125 0.275
1 0.34375 0.34140625 0.04453125 0.09140625
1 0.2875 0.05390625 0.02109375 0.025
1 0.29609375 0.52734375 0.0890625 0.20390625
1 0.36953125 0.07265625 0.02109375 0.0375
1 0.396875 0.12890625 0.028125 0.04140625
1 0.3359375 0.00859375 0.0140625 0.01640625
1 0.33359375 0.12734375 0.0234375 0.04609375
1 0.31796875 0.01484375 0.01640625 0.02890625
1 0.38359375 0.09765625 0.02578125 0.02890625
1 0.32421875 0.07109375 0.01875 0.03359375
1 0.32265625 0.03984375 0.01640625 0.02109375
0 0.45078125 0.28359375 0.05625 0.1
2 0.2875 0.1 0.03046875 0.05859375