1 0.11484375 0.74140625 0.1265625 0.21640625
1 0.33828125 0.26015625 0.0375 0.07890625
1 0.47734375 0.41640625 0.05859375 0.13359375
1 0.4859375 0.6625 0.084375 0.225
1 0.41171875 0.1875 0.03515625 0.05859375
1 0.2828125 0.21484375 0.03515625 0.05390625
1 0.44375 0.2625 0.046875 0.075
1 0.34140625 0.16640625 0.03046875 0.05
1 0.23828125 0.15625 0.03046875 0.05390625
1 0.3109375 0.48515625 0.06796875 0.14609375
1 0.3875 0.11484375 0.028125 0.0375
1 0.33359375 0.1125 0.0234375 0.04140625
1 0.32265625 0.05 0.01640625 0.03359375
1 0.29375 0.075 0.01875 0.03359375
1 0.36015625 0.04765625 0.01640625 0.02890625
1 0.2875 0.15 0.02578125 0.04140625
1 0.26796875 0.29609375 0.046875 0.09140625
1 0.340625 0.0125 0.0140625 0.025
1 0.3171875 0.0125 0.0234375 0.025
1 0.9421875 0.46484375 0.07265625 0.12109375
1 0.27265625 0.27734375 0.0421875 0.0625
0 0.74765625 0.84765625 0.17109375 0.29609375