1 0.32890625 0.1 0.0234375 0.05
1 0.23828125 0.15625 0.03046875 0.05390625
1 0.340625 0.16640625 0.028125 0.05
1 0.48125 0.42109375 0.05625 0.11640625
1 0.46015625 0.30390625 0.046875 0.08359375
1 0.50390625 0.6625 0.08203125 0.225
1 0.3671875 0.07734375 0.02109375 0.0375
1 0.3484375 0.03359375 0.02109375 0.03359375
1 0.396875 0.12734375 0.028125 0.05390625
1 0.37890625 0.10625 0.01640625 0.0375
1 0.4375 0.23984375 0.03046875 0.04609375
1 0.2890625 0.08515625 0.01875 0.0375
1 0.41171875 0.18125 0.03515625 0.05390625
1 0.2921875 0.04375 0.01640625 0.02890625
1 0.31484375 0.02109375 0.0140625 0.025
1 0.3125 0.00390625 0.0125 0.0078125
1 0.18203125 0.9875 0.09609375 0.01640625