1 0.26640625 0.64140625 0.10546875 0.225
1 0.4953125 0.61875 0.0703125 0.17890625
1 0.3390625 0.32265625 0.04453125 0.09609375
1 0.23828125 0.15390625 0.03046875 0.05859375
1 0.47421875 0.41484375 0.05625 0.12109375
1 0.28984375 0.08984375 0.02109375 0.0375
1 0.33359375 0.1 0.0234375 0.03359375
1 0.42109375 0.2 0.03515625 0.05859375
1 0.4625 0.28125 0.046875 0.09609375
1 0.2703125 0.26484375 0.05625 0.10390625
1 0.33671875 0.15859375 0.02578125 0.05
1 0.3171875 0.01640625 0.015625 0.0328125
1 0.35078125 0.03125 0.01640625 0.02890625
1 0.40703125 0.16640625 0.03046875 0.04140625
1 0.3828125 0.11484375 0.0328125 0.05390625
1 0.2875 0.02265625 0.01640625 0.02109375
1 0.325 0.06640625 0.01640625 0.03359375
1 0.359375 0.05 0.01875 0.025