1 0.87421875 0.61484375 0.11015625 0.1875
1 0.2875 0.54765625 0.07265625 0.1625
1 0.4890625 0.48359375 0.06796875 0.175
1 0.23828125 0.15390625 0.03515625 0.05859375
1 0.42734375 0.2125 0.0375 0.06640625
1 0.28671875 0.26875 0.0375 0.0625
1 0.3359375 0.12109375 0.0328125 0.05859375
1 0.3875 0.11015625 0.028125 0.04609375
1 0.29140625 0.06875 0.0234375 0.04609375
1 0.32421875 0.05390625 0.01875 0.025
1 0.31796875 0.01875 0.01640625 0.02890625
1 0.29140625 0.02265625 0.0140625 0.02109375
1 0.3640625 0.05 0.028125 0.05
0 0.1078125 0.725 0.215625 0.54140625
0 0.33828125 0.31015625 0.05625 0.17109375