1 0.17734375 0.5375 0.09609375 0.16640625
1 0.23828125 0.15625 0.03046875 0.05390625
1 0.51171875 0.83984375 0.103125 0.3125
1 0.3453125 0.24140625 0.0375 0.075
1 0.32421875 0.42265625 0.065625 0.15390625
1 0.34296875 0.14140625 0.0234375 0.05
1 0.221875 0.87734375 0.14765625 0.2375
1 0.47890625 0.37890625 0.065625 0.175
1 0.28671875 0.13984375 0.028125 0.05390625
1 0.446875 0.30625 0.03984375 0.07890625
1 0.43203125 0.24609375 0.0375 0.06640625
1 0.2890625 0.08515625 0.01875 0.0375
1 0.40234375 0.14609375 0.03515625 0.06640625
1 0.30625 0.04765625 0.02109375 0.0375
1 0.41796875 0.19765625 0.0328125 0.0625
1 0.3671875 0.07109375 0.02578125 0.05
1 0.378125 0.09765625 0.0234375 0.0375
1 0.31484375 0.01015625 0.0140625 0.0203125
1 0.28984375 0.03125 0.01640625 0.02109375