1 0.23671875 0.15625 0.0328125 0.05390625
1 0.4140625 0.17265625 0.03515625 0.05390625
1 0.46484375 0.29609375 0.0421875 0.08359375
1 0.2734375 0.26015625 0.03515625 0.07109375
1 0.3359375 0.1875 0.0328125 0.05859375
1 0.2984375 0.03515625 0.01875 0.02890625
1 0.32890625 0.0875 0.0234375 0.04140625
1 0.3296875 0.30234375 0.04453125 0.0875
1 0.3625 0.06484375 0.02109375 0.02890625
1 0.3390625 0.13984375 0.03046875 0.04609375
1 0.31484375 0.01015625 0.0140625 0.0203125
1 0.3453125 0.02109375 0.01875 0.025
1 0.28984375 0.02109375 0.01171875 0.01640625
0 0.5140625 0.87265625 0.09375 0.24609375