1 0.4984375 0.58984375 0.07265625 0.19609375
1 0.33359375 0.43515625 0.05625 0.12109375
1 0.34296875 0.18359375 0.028125 0.05859375
1 0.23828125 0.15390625 0.03046875 0.05859375
1 0.42578125 0.20859375 0.03515625 0.05859375
1 0.4609375 0.32109375 0.05859375 0.10859375
1 0.33125 0.11484375 0.0234375 0.0375
1 0.2875 0.08515625 0.02109375 0.0375
1 0.3734375 0.07890625 0.0234375 0.03359375
1 0.3859375 0.11015625 0.02578125 0.0375
1 0.4046875 0.15234375 0.03046875 0.04609375
1 0.2640625 0.64375 0.11015625 0.22890625
1 0.32890625 0.06640625 0.01875 0.03359375
1 0.34140625 0.02109375 0.01640625 0.025
1 0.29375 0.02265625 0.0140625 0.02109375
1 0.32265625 0.03984375 0.01640625 0.0375
1 0.31484375 0.00390625 0.0140625 0.0078125
1 0.29609375 0.54375 0.0796875 0.1375
1 0.33828125 0.00390625 0.0140625 0.0078125