1 0.859375 0.60234375 0.103125 0.17890625
1 0.103125 0.7625 0.1453125 0.26640625
1 0.2875 0.2375 0.03515625 0.075
1 0.3109375 0.60390625 0.08203125 0.175
1 0.23671875 0.15859375 0.0328125 0.05859375
1 0.2921875 0.13125 0.02578125 0.05390625
1 0.48359375 0.61875 0.075 0.19609375
1 0.25859375 0.32734375 0.046875 0.0875
1 0.2015625 0.48125 0.084375 0.1625
1 0.40859375 0.175 0.028125 0.05
1 0.33671875 0.33515625 0.04921875 0.1125
1 0.43671875 0.24140625 0.0421875 0.06640625
1 0.484375 0.45625 0.06796875 0.1625
1 0.35078125 0.05859375 0.01640625 0.03359375
1 0.31484375 0.01640625 0.0203125 0.0328125
1 0.34765625 0.23984375 0.0375 0.0875
1 0.46953125 0.34609375 0.065625 0.125
1 0.3484375 0.02109375 0.01640625 0.025
1 0.33203125 0.11640625 0.02109375 0.04140625
1 0.3734375 0.10390625 0.0234375 0.03359375
1 0.33828125 0.00859375 0.0140625 0.01640625
1 0.390625 0.13515625 0.02578125 0.0375
1 0.34296875 0.17734375 0.0328125 0.05390625