1 0.32734375 0.07734375 0.02109375 0.0375
1 0.2828125 0.24140625 0.03515625 0.06640625
1 0.49296875 0.67890625 0.0890625 0.24140625
1 0.340625 0.15 0.028125 0.05
1 0.19453125 0.89609375 0.1359375 0.2
1 0.47265625 0.34609375 0.04921875 0.10859375
1 0.3453125 0.21875 0.028125 0.0625
1 0.240625 0.15625 0.03046875 0.05390625
1 0.2921875 0.14375 0.02578125 0.04609375
1 0.41640625 0.16875 0.03046875 0.04609375
1 0.371875 0.075 0.02109375 0.03359375
1 0.3171875 0.0125 0.0140625 0.025
0 0.146875 0.60234375 0.13359375 0.25390625