1 0.490625 0.47734375 0.065625 0.15390625
1 0.23828125 0.15625 0.03046875 0.05390625
1 0.03515625 0.93984375 0.0703125 0.1125
1 0.42109375 0.19140625 0.03515625 0.05859375
1 0.33671875 0.15 0.02578125 0.05
1 0.34296875 0.37890625 0.0515625 0.1
1 0.32734375 0.0875 0.02109375 0.03359375
1 0.2890625 0.06484375 0.01875 0.02890625
1 0.36875 0.075 0.01875 0.03359375
1 0.4 0.1375 0.03046875 0.04140625
1 0.2890625 0.11875 0.0328125 0.07109375
1 0.38359375 0.1 0.02578125 0.03359375
1 0.325 0.04765625 0.01640625 0.02109375
1 0.33828125 0.0125 0.0140625 0.025
1 0.20078125 0.98515625 0.09140625 0.02109375
1 0.3203125 0.02265625 0.01640625 0.02890625
1 0.2921875 0.0125 0.01171875 0.01640625
0 0.509375 0.85625 0.0984375 0.27890625
0 0.45390625 0.29609375 0.05859375 0.1
0 0.2875 0.56875 0.09609375 0.22890625