1 0.23828125 0.15625 0.03046875 0.05390625
1 0.3390625 0.45390625 0.06328125 0.15
1 0.2890625 0.18125 0.0375 0.0625
1 0.46484375 0.32109375 0.0515625 0.1
1 0.28046875 0.68515625 0.10078125 0.25390625
1 0.390625 0.13515625 0.02578125 0.04609375
1 0.3546875 0.02890625 0.01875 0.03359375
1 0.28984375 0.06015625 0.02109375 0.02890625
1 0.4046875 0.18984375 0.02109375 0.05390625
1 0.378125 0.09765625 0.0234375 0.0375
1 0.35 0.22890625 0.0375 0.06640625
1 0.4328125 0.21875 0.04921875 0.10390625
1 0.34375 0.175 0.03046875 0.06640625
1 0.35 0.29375 0.0421875 0.0875
1 0.29140625 0.025 0.0140625 0.025
1 0.33359375 0.13359375 0.0234375 0.04140625
1 0.34296875 0.01484375 0.0140625 0.02890625
1 0.4765625 0.45390625 0.0609375 0.15859375
1 0.33125 0.09765625 0.0234375 0.0375
1 0.28671875 0.1125 0.0234375 0.04140625