1 0.08359375 0.77109375 0.14296875 0.25859375
1 0.50625 0.61875 0.07734375 0.19609375
1 0.4578125 0.35234375 0.0515625 0.09609375
1 0.259375 0.70625 0.11015625 0.2375
1 0.23828125 0.15625 0.03046875 0.05390625
1 0.42109375 0.20234375 0.03515625 0.0625
1 0.340625 0.12890625 0.0234375 0.04140625
1 0.33828125 0.36484375 0.0515625 0.10390625
1 0.3296875 0.08125 0.02109375 0.0375
1 0.2890625 0.14609375 0.028125 0.04140625
1 0.38984375 0.125 0.0328125 0.06640625
1 0.28515625 0.2 0.03515625 0.075
1 0.321875 0.03984375 0.01875 0.02890625
2 0.20390625 0.45234375 0.13125 0.2375