1 0.34375 0.29609375 0.03984375 0.08359375
1 0.48671875 0.46484375 0.06328125 0.1375
1 0.23828125 0.15390625 0.03046875 0.05859375
1 0.7796875 0.81875 0.1359375 0.32890625
1 0.49375 0.70859375 0.09140625 0.25859375
1 0.4671875 0.34375 0.0515625 0.09609375
1 0.31953125 0.025 0.01875 0.03359375
1 0.44453125 0.25625 0.04453125 0.07890625
1 0.32734375 0.05859375 0.01640625 0.025
1 0.35703125 0.05625 0.01875 0.0375
1 0.3859375 0.10234375 0.02578125 0.05390625
1 0.4046875 0.16484375 0.03046875 0.05390625
1 0.33828125 0.01015625 0.0171875 0.0203125
1 0.425 0.2125 0.0328125 0.05859375
1 0.37109375 0.07890625 0.01875 0.03359375
1 0.29140625 0.02265625 0.0140625 0.02109375
0 0.16796875 0.82109375 0.21328125 0.35