1 0.12578125 0.72890625 0.12890625 0.25859375
1 0.221875 0.45625 0.07265625 0.15390625
1 0.34296875 0.26015625 0.0375 0.07109375
1 0.2828125 0.22734375 0.03515625 0.0625
1 0.2390625 0.15625 0.0328125 0.05390625
1 0.28046875 0.7 0.11015625 0.25
1 0.33203125 0.40390625 0.04921875 0.11640625
1 0.45546875 0.29609375 0.046875 0.08359375
1 0.41640625 0.2 0.03515625 0.05
1 0.34765625 0.025 0.01875 0.03359375
1 0.29140625 0.0375 0.0234375 0.04140625
1 0.48359375 0.47890625 0.084375 0.15859375
1 0.3171875 0.01640625 0.0140625 0.025
1 0.3203125 0.04140625 0.01640625 0.025
1 0.40390625 0.17109375 0.0234375 0.04140625
1 0.4796875 0.36484375 0.06328125 0.07109375
1 0.390625 0.13984375 0.03046875 0.0375
1 0.3125 0.00234375 0.0140625 0.00390625
0 0.49765625 0.79140625 0.103125 0.39140625