1 0.27265625 0.79609375 0.121875 0.30859375
1 0.484375 0.57265625 0.07265625 0.20390625
1 0.23828125 0.15390625 0.03046875 0.05859375
1 0.34375 0.35234375 0.04921875 0.10390625
1 0.484375 0.38515625 0.05859375 0.12109375
1 0.27578125 0.2375 0.03984375 0.06640625
1 0.4046875 0.16640625 0.03046875 0.05
1 0.38828125 0.12734375 0.02578125 0.04609375
1 0.2875 0.1375 0.02578125 0.05
1 0.41796875 0.22265625 0.028125 0.0625
1 0.35 0.26484375 0.0375 0.07109375
1 0.3671875 0.06484375 0.02109375 0.0375
1 0.3453125 0.19765625 0.0328125 0.0625
1 0.29140625 0.04375 0.01875 0.02890625
1 0.45078125 0.26484375 0.05625 0.12109375
1 0.3484375 0.01875 0.01640625 0.02890625
1 0.2890625 0.07734375 0.01875 0.02890625
1 0.22890625 0.425 0.06328125 0.1
1 0.2921875 0.01875 0.01640625 0.02109375
2 0.9 0.50390625 0.14765625 0.25