1 0.30546875 0.60859375 0.084375 0.19140625
1 0.28984375 0.08515625 0.02109375 0.0375
1 0.25859375 0.33125 0.0515625 0.09609375
1 0.23828125 0.15625 0.03046875 0.05390625
1 0.2875 0.2 0.03515625 0.05859375
1 0.33828125 0.38984375 0.0515625 0.10390625
1 0.47734375 0.37109375 0.05390625 0.10859375
1 0.50234375 0.52890625 0.065625 0.18359375
1 0.3390625 0.1875 0.03984375 0.075
1 0.3296875 0.09375 0.02109375 0.0375
1 0.4109375 0.17890625 0.0421875 0.06640625
1 0.4484375 0.2625 0.0421875 0.08359375
1 0.31484375 0.00625 0.0140625 0.0125
1 0.36015625 0.05625 0.01640625 0.02890625
1 0.39296875 0.12109375 0.02578125 0.04140625
1 0.2890625 0.01015625 0.015625 0.0203125
1 0.38046875 0.09140625 0.0234375 0.03359375
1 0.37109375 0.07265625 0.0234375 0.02890625