1 0.3296875 0.475 0.06328125 0.14140625
1 0.28984375 0.06015625 0.02109375 0.0375
1 0.278125 0.23515625 0.03984375 0.07109375
1 0.24375 0.84375 0.121875 0.27890625
1 0.29140625 0.14765625 0.028125 0.04609375
1 0.49765625 0.47734375 0.0609375 0.1625
1 0.4671875 0.33125 0.0515625 0.09609375
1 0.3265625 0.06640625 0.01875 0.03359375
1 0.3453125 0.31640625 0.0421875 0.08359375
1 0.33671875 0.15390625 0.03515625 0.06640625
1 0.23828125 0.15390625 0.03046875 0.05859375
1 0.4375 0.23359375 0.03984375 0.075
1 0.4046875 0.16484375 0.03984375 0.0625
1 0.390625 0.11484375 0.02578125 0.0375
1 0.36015625 0.05390625 0.01640625 0.03359375
1 0.378125 0.0875 0.0234375 0.03359375
1 0.36953125 0.07109375 0.02109375 0.025