1 0.22421875 0.88125 0.13359375 0.22890625
1 0.7890625 0.79140625 0.1265625 0.28359375
1 0.4671875 0.37890625 0.05625 0.125
1 0.23828125 0.15625 0.03046875 0.05390625
1 0.31953125 0.47890625 0.065625 0.15859375
1 0.240625 0.39375 0.06328125 0.12109375
1 0.35078125 0.26640625 0.03984375 0.075
1 0.29140625 0.09375 0.028125 0.04609375
1 0.3828125 0.11015625 0.0234375 0.0375
1 0.34609375 0.375 0.05390625 0.11640625
1 0.44921875 0.275 0.04921875 0.08359375
1 0.36875 0.075 0.01875 0.03359375
1 0.3953125 0.15859375 0.02109375 0.05
1 0.340625 0.15390625 0.028125 0.05859375
1 0.4203125 0.18515625 0.046875 0.09609375
1 0.29140625 0.02890625 0.0140625 0.01640625
1 0.34296875 0.01015625 0.0171875 0.0203125
1 0.33203125 0.12265625 0.02109375 0.0375
1 0.28671875 0.05859375 0.01875 0.025
1 0.32265625 0.04375 0.02109375 0.0375
1 0.33125 0.07890625 0.01875 0.025
1 0.009375 0.36875 0.01875 0.07109375
1 0.3484375 0.20859375 0.03515625 0.05859375