1 0.28984375 0.17265625 0.03046875 0.05390625
1 0.2703125 0.68984375 0.103125 0.22890625
1 0.4859375 0.72109375 0.0890625 0.25
1 0.20625 0.48125 0.084375 0.14609375
1 0.33671875 0.11875 0.02578125 0.04609375
1 0.48359375 0.47109375 0.0609375 0.15
1 0.34296875 0.23984375 0.0375 0.07109375
1 0.834375 0.64375 0.11015625 0.19609375
1 0.33828125 0.35625 0.046875 0.09609375
1 0.23828125 0.15625 0.03046875 0.05390625
1 0.73203125 0.91484375 0.1171875 0.1625
1 0.4109375 0.17734375 0.0328125 0.05390625
1 0.465625 0.32890625 0.05390625 0.09140625
1 0.26796875 0.29765625 0.046875 0.07890625
1 0.06328125 0.85390625 0.1265625 0.28359375
1 0.38359375 0.09765625 0.02109375 0.0375
1 0.4375 0.25234375 0.04453125 0.07109375
1 0.35703125 0.04765625 0.01875 0.02890625
1 0.32421875 0.05234375 0.028125 0.0375
1 0.3203125 0.01875 0.02578125 0.0375
1 0.34296875 0.00859375 0.0140625 0.01640625