1 0.48671875 0.78515625 0.09140625 0.2625
1 0.490625 0.55234375 0.065625 0.1625
1 0.475 0.39140625 0.04921875 0.11640625
1 0.340625 0.275 0.046875 0.09140625
1 0.33671875 0.14375 0.02578125 0.04609375
1 0.44609375 0.24140625 0.046875 0.09140625
1 0.3296875 0.0875 0.02109375 0.04140625
1 0.29375 0.15 0.028125 0.05
1 0.321875 0.02734375 0.01875 0.02890625
1 0.27109375 0.26484375 0.05390625 0.12890625
1 0.42109375 0.1875 0.03515625 0.06640625
1 0.23828125 0.15390625 0.03046875 0.05859375
1 0.39765625 0.14609375 0.02578125 0.04140625
1 0.29453125 0.10625 0.02109375 0.02890625
1 0.9203125 0.50625 0.0703125 0.10390625
1 0.3765625 0.10234375 0.02578125 0.02890625
1 0.29140625 0.06875 0.0234375 0.0375
1 0.93984375 0.48984375 0.11015625 0.1375
1 0.25390625 0.14375 0.0140625 0.04609375
1 0.3671875 0.075 0.01640625 0.03359375
1 0.32265625 0.05390625 0.01640625 0.03359375
0 0.29609375 0.54609375 0.121875 0.375
0 0.1265625 0.7125 0.15 0.31640625