1 0.86015625 0.59609375 0.11953125 0.19140625
1 0.38984375 0.1375 0.0328125 0.05
1 0.221875 0.43515625 0.07265625 0.1375
1 0.23671875 0.16015625 0.0328125 0.0625
1 0.4859375 0.56484375 0.0703125 0.1875
1 0.3359375 0.18125 0.0328125 0.07109375
1 0.3109375 0.46875 0.06796875 0.14609375
1 0.43984375 0.23515625 0.03984375 0.07109375
1 0.2890625 0.08125 0.01875 0.02109375
1 0.3546875 0.04375 0.01875 0.02890625
1 0.2828125 0.2 0.03046875 0.05
1 0.315625 0.03359375 0.02109375 0.025
1 0.32421875 0.0625 0.01875 0.025
1 0.33203125 0.00234375 0.01640625 0.00390625
1 0.31015625 0.00234375 0.0140625 0.00390625
0 0.2453125 0.71484375 0.14296875 0.3875