1 0.3390625 0.3875 0.05390625 0.11640625
1 0.48671875 0.61015625 0.07734375 0.22109375
1 0.48828125 0.41015625 0.0609375 0.12890625
1 0.28515625 0.18125 0.03046875 0.0625
1 0.23828125 0.15625 0.03046875 0.05390625
1 0.35 0.28125 0.0421875 0.07890625
1 0.40703125 0.17734375 0.03046875 0.05390625
1 0.390625 0.13515625 0.02578125 0.04609375
1 0.42109375 0.23359375 0.03046875 0.06640625
1 0.28984375 0.05859375 0.02109375 0.03359375
1 0.2890625 0.09609375 0.0234375 0.04140625
1 0.371875 0.07109375 0.02109375 0.04140625
1 0.34609375 0.20859375 0.03515625 0.075
1 0.2921875 0.025 0.01640625 0.025
1 0.35 0.02734375 0.0140625 0.02890625
1 0.26328125 0.31484375 0.046875 0.0875
1 0.45546875 0.27890625 0.05625 0.13359375
1 0.3390625 0.15 0.03046875 0.05859375
1 0.340625 0.00859375 0.0140625 0.01640625
1 0.33203125 0.08984375 0.02109375 0.02890625
1 0.36171875 0.05234375 0.01875 0.0375
1 0.334375 0.11484375 0.02578125 0.0375
0 0.81796875 0.67734375 0.16171875 0.37109375
2 0.07421875 0.77890625 0.13359375 0.20859375