1 0.2390625 0.15390625 0.0328125 0.05859375
1 0.4703125 0.34140625 0.05390625 0.125
1 0.30546875 0.30390625 0.046875 0.10859375
1 0.29140625 0.15 0.028125 0.05
1 0.303125 0.55234375 0.0796875 0.17890625
1 0.39453125 0.125 0.028125 0.05
1 0.36640625 0.06015625 0.0234375 0.0375
1 0.29375 0.02890625 0.01875 0.03359375
1 0.34140625 0.17109375 0.03984375 0.10859375
1 0.065625 0.85 0.13125 0.29140625
1 0.35 0.02265625 0.0234375 0.02890625
1 0.32421875 0.04609375 0.01875 0.025
1 0.315625 0.02109375 0.01640625 0.025
1 0.3265625 0.05390625 0.0234375 0.04140625
0 0.1375 0.64375 0.275 0.70390625