1 0.23828125 0.15625 0.03046875 0.05390625
1 0.44140625 0.23984375 0.0421875 0.07109375
1 0.32890625 0.08984375 0.01875 0.02890625
1 0.28984375 0.12890625 0.02109375 0.04140625
1 0.3390625 0.18515625 0.03046875 0.0375
1 0.4984375 0.78359375 0.09609375 0.275
1 0.28984375 0.0875 0.02109375 0.03359375
1 0.359375 0.05625 0.01875 0.02890625
1 0.34609375 0.02890625 0.01640625 0.025
1 0.28984375 0.02734375 0.01640625 0.02109375
1 0.3875 0.11484375 0.028125 0.04609375
1 0.340625 0.00625 0.0140625 0.0125
1 0.321875 0.05390625 0.01875 0.025
1 0.32890625 0.1375 0.0234375 0.04140625
1 0.31484375 0.00625 0.0140625 0.0125
1 0.31953125 0.02890625 0.01875 0.01640625
0 0.19140625 0.43984375 0.16640625 0.32109375