1 0.33125 0.31640625 0.046875 0.09140625
1 0.48203125 0.49375 0.05859375 0.14609375
1 0.240625 0.15390625 0.03515625 0.05859375
1 0.28046875 0.6375 0.09140625 0.2
1 0.32265625 0.04765625 0.02578125 0.0375
1 0.37421875 0.09140625 0.02109375 0.04140625
1 0.47265625 0.33359375 0.05390625 0.125
1 0.4515625 0.27265625 0.04453125 0.09609375
1 0.42734375 0.21640625 0.0375 0.06640625
1 0.3578125 0.05859375 0.02109375 0.03359375
1 0.409375 0.18359375 0.03515625 0.05859375
1 0.396875 0.14765625 0.0234375 0.04609375
1 0.35078125 0.03359375 0.01640625 0.03359375