1 0.2875 0.62890625 0.09609375 0.20859375
1 0.34765625 0.20234375 0.028125 0.05390625
1 0.23828125 0.15390625 0.03046875 0.05859375
1 0.33671875 0.12265625 0.02578125 0.04609375
1 0.325 0.05859375 0.02109375 0.03359375
1 0.4765625 0.62734375 0.075 0.19609375
1 0.46015625 0.3125 0.0421875 0.09140625
1 0.28671875 0.1875 0.0328125 0.05
1 0.28984375 0.025 0.01640625 0.025
1 0.4140625 0.2 0.03515625 0.05859375
1 0.409375 0.16875 0.03515625 0.04609375
1 0.2484375 0.3375 0.075 0.16640625
1 0.2796875 0.24375 0.0421875 0.0875
2 0.13125 0.61875 0.1875 0.32890625