1 0.2921875 0.14140625 0.02578125 0.04140625
1 0.44140625 0.23125 0.0375 0.07109375
1 0.32265625 0.03984375 0.01640625 0.02890625
1 0.240625 0.15625 0.03046875 0.05390625
1 0.3828125 0.09375 0.0234375 0.0375
1 0.47421875 0.375 0.05625 0.14140625
1 0.3359375 0.325 0.046875 0.09140625
1 0.29140625 0.0875 0.0234375 0.03359375
1 0.353125 0.03125 0.01640625 0.02890625
1 0.3390625 0.12109375 0.02109375 0.04140625
1 0.33203125 0.08125 0.02109375 0.0375
1 0.26640625 0.61640625 0.07734375 0.15
1 0.28515625 0.55390625 0.06796875 0.08359375
1 0.3109375 0.00234375 0.01640625 0.00390625
0 0.26796875 0.28984375 0.05625 0.1125