1 0.278125 0.22890625 0.03984375 0.075
1 0.3390625 0.13984375 0.02578125 0.04609375
1 0.4671875 0.34765625 0.046875 0.10390625
1 0.3203125 0.08515625 0.02109375 0.0375
1 0.23828125 0.15625 0.03046875 0.05390625
1 0.33671875 0.26640625 0.03984375 0.08359375
1 0.38359375 0.11640625 0.02578125 0.04140625
1 0.31796875 0.44375 0.06328125 0.15390625
1 0.33828125 0.01015625 0.0140625 0.0203125
1 0.2875 0.05234375 0.02578125 0.02890625
1 0.2875 0.02109375 0.02109375 0.03359375
1 0.31328125 0.00234375 0.01171875 0.00390625