1 0.14296875 0.63828125 0.1265625 0.234375
1 0.490625 0.61640625 0.053125 0.17578125
0 0.9046875 0.4421875 0.18359375 0.34140625
2 0.3078125 0.4875 0.09453125 0.24765625
2 0.471875 0.30625 0.090625 0.14375
1 0.4828125 0.45234375 0.07890625 0.15390625
1 0.26484375 0.31796875 0.0546875 0.09375
1 0.3515625 0.265625 0.04609375 0.0625
1 0.2828125 0.21015625 0.04375 0.06796875
1 0.240625 0.159375 0.02421875 0.05859375
1 0.34375 0.19453125 0.034375 0.05859375
1 0.41171875 0.17734375 0.03203125 0.0484375
1 0.28203125 0.14609375 0.03125 0.059375
1 0.340625 0.14609375 0.0234375 0.0359375
1 0.3 0.1046875 0.02578125 0.05546875
1 0.3375 0.10703125 0.021875 0.0328125
1 0.38359375 0.103125 0.02578125 0.04296875
1 0.33359375 0.08125 0.0140625 0.02265625
1 0.36796875 0.0734375 0.028125 0.03515625
1 0.321875 0.01796875 0.02734375 0.03046875