1 0.2578125 0.7359375 0.1140625 0.2765625
1 0.49296875 0.5984375 0.08515625 0.2015625
2 0.1890625 0.5046875 0.10859375 0.21640625
1 0.4703125 0.325 0.08359375 0.0890625
1 0.2875 0.2203125 0.04140625 0.0734375
1 0.34765625 0.2 0.034375 0.0609375
1 0.409375 0.159375 0.03125 0.0546875
1 0.24296875 0.1640625 0.03203125 0.053125
1 0.296875 0.1328125 0.0328125 0.05234375
1 0.34375 0.13515625 0.03984375 0.0515625
1 0.328125 0.07265625 0.01953125 0.04296875
1 0.3703125 0.07109375 0.025 0.04296875
1 0.31875 0.0125 0.01328125 0.0203125