1 0.10078125 0.7125 0.13125 0.25
1 0.23828125 0.15625 0.03515625 0.05390625
1 0.2203125 0.44609375 0.065625 0.125
1 0.278125 0.25 0.03984375 0.075
1 0.48359375 0.61875 0.075 0.19609375
1 0.265625 0.34765625 0.0515625 0.09609375
1 0.303125 0.50625 0.0796875 0.17890625
1 0.4140625 0.19375 0.03046875 0.05390625
1 0.3484375 0.22890625 0.03515625 0.075
1 0.484375 0.45625 0.06796875 0.1625
1 0.3453125 0.32890625 0.046875 0.11640625
1 0.43671875 0.25234375 0.0328125 0.07109375
1 0.46953125 0.34375 0.065625 0.12109375
1 0.3359375 0.14140625 0.0234375 0.05
1 0.3453125 0.17734375 0.0328125 0.05390625
1 0.915625 0.48125 0.0984375 0.1625
1 0.90390625 0.51640625 0.075 0.09140625
1 0.4015625 0.16484375 0.028125 0.0375
1 0.38046875 0.12265625 0.0234375 0.04609375
1 0.34375 0.08984375 0.02109375 0.0375
2 0.31796875 0.03359375 0.03046875 0.06640625