1 0.15859375 0.60859375 0.10546875 0.2
1 0.51171875 0.68515625 0.0796875 0.2375
1 0.23828125 0.15625 0.03046875 0.05390625
1 0.48203125 0.4125 0.05390625 0.13359375
1 0.2109375 0.93359375 0.121875 0.125
1 0.33203125 0.11875 0.02578125 0.04609375
1 0.41640625 0.17890625 0.03046875 0.05
1 0.3453125 0.32734375 0.0421875 0.0875
1 0.2890625 0.05 0.01875 0.025
1 0.3953125 0.12890625 0.02578125 0.04140625
1 0.3671875 0.07109375 0.02109375 0.03359375
1 0.2890625 0.09375 0.028125 0.05390625
1 0.334375 0.00859375 0.01171875 0.01640625
1 0.32421875 0.06484375 0.01875 0.02890625
1 0.4484375 0.27734375 0.05625 0.09609375
1 0.38046875 0.09375 0.0234375 0.0375
1 0.3203125 0.03515625 0.01640625 0.02109375
1 0.31796875 0.01484375 0.01640625 0.02890625
1 0.3265625 0.45 0.0515625 0.1