1 0.178125 0.60234375 0.103125 0.20390625
1 0.34375 0.29765625 0.03984375 0.07890625
1 0.33359375 0.45 0.065625 0.14140625
1 0.24609375 0.80625 0.1265625 0.2875
1 0.23828125 0.15390625 0.03515625 0.05859375
1 0.23828125 0.40234375 0.06328125 0.1375
1 0.46953125 0.9375 0.1125 0.11640625
1 0.2890625 0.15390625 0.028125 0.05
1 0.34296875 0.20859375 0.0328125 0.05859375
1 0.415625 0.19765625 0.0328125 0.05390625
1 0.0234375 0.9625 0.046875 0.06640625
1 0.4953125 0.57265625 0.0796875 0.22890625
1 0.44453125 0.26484375 0.04453125 0.07890625
1 0.29375 0.02265625 0.01875 0.02109375
1 0.31796875 0.02734375 0.01640625 0.02109375
1 0.475 0.39140625 0.07265625 0.13359375
1 0.34140625 0.0125 0.01640625 0.025
1 0.4046875 0.16875 0.03046875 0.04609375
1 0.390625 0.1375 0.03046875 0.04140625
1 0.36875 0.08359375 0.0234375 0.04140625
1 0.315625 0.00859375 0.01640625 0.01640625
1 0.38125 0.11640625 0.02578125 0.025
2 0.33125 0.09375 0.0421875 0.1125