1 0.23828125 0.15625 0.03046875 0.05390625
1 0.3390625 0.38515625 0.04921875 0.10390625
1 0.47265625 0.35625 0.05390625 0.10390625
1 0.38359375 0.11015625 0.02578125 0.0375
1 0.20546875 0.90390625 0.12890625 0.18359375
1 0.1703125 0.58359375 0.10078125 0.175
1 0.359375 0.04375 0.01875 0.0375
1 0.48828125 0.53984375 0.0703125 0.17890625
1 0.43046875 0.225 0.03984375 0.05859375
1 0.41171875 0.17109375 0.03046875 0.05
1 0.44921875 0.28515625 0.04453125 0.07890625
1 0.3265625 0.06875 0.01875 0.02890625
1 0.3390625 0.01484375 0.01640625 0.02890625
1 0.33671875 0.11015625 0.03984375 0.0625
1 0.3484375 0.03125 0.01171875 0.02109375
1 0.31328125 0.00234375 0.01171875 0.00390625
1 0.34296875 0.16640625 0.0421875 0.05859375
1 0.3296875 0.07265625 0.03046875 0.0375